# TEST CONFIGURATION BEGIN
# FileStream(filename='export_dataframe_0v4.csv', target_idx=-1, n_targets=1, cat_features=None)
# [HT] HoeffdingTreeClassifier(binary_split=False, grace_period=200, leaf_prediction='nba', max_byte_size=33554432, memory_estimate_period=1000000, nb_threshold=0, no_preprune=False, nominal_attributes=[0, 1], remove_poor_atts=False, split_confidence=1e-10, split_criterion='gini', stop_mem_management=False, tie_threshold=0.05)
# [HAT] HoeffdingAdaptiveTreeClassifier(binary_split=False, bootstrap_sampling=True, grace_period=200, leaf_prediction='nba', max_byte_size=33554432, memory_estimate_period=1000000, nb_threshold=0, no_preprune=False, nominal_attributes=[0, 1], remove_poor_atts=False, split_confidence=1e-10, split_criterion='info_gain', stop_mem_management=False, tie_threshold=0.05)
# EvaluatePrequential(batch_size=1000, data_points_for_classification=False, max_samples=1000000, max_time=10000, metrics=['accuracy', 'true_vs_predicted'], n_wait=200, output_file='summary_ht_balanced.txt', pretrain_size=10000, restart_stream=True, show_plot=False)
# TEST CONFIGURATION END
id,mean_acc_[HT],current_acc_[HT],mean_acc_[HAT],current_acc_[HAT],true_value,predicted_value_[HT],predicted_value_[HAT]
10000,0.795000,0.800000,0.802000,0.805000,0.000000,0.000000,0.000000
11000,0.790500,0.850000,0.795000,0.845000,1.000000,0.000000,0.000000
12000,0.785667,0.790000,0.791000,0.800000,0.000000,0.000000,0.000000
13000,0.789000,0.790000,0.794750,0.795000,0.000000,0.000000,0.000000
14000,0.791600,0.815000,0.795600,0.815000,0.000000,0.000000,0.000000
15000,0.791833,0.825000,0.795667,0.835000,0.000000,1.000000,1.000000
16000,0.792000,0.800000,0.796000,0.805000,0.000000,0.000000,0.000000
17000,0.792875,0.795000,0.796250,0.790000,1.000000,0.000000,0.000000
18000,0.791222,0.810000,0.793889,0.820000,0.000000,0.000000,0.000000
19000,0.792700,0.845000,0.795200,0.845000,0.000000,0.000000,0.000000
20000,0.792182,0.750000,0.794273,0.755000,0.000000,0.000000,0.000000
21000,0.794000,0.875000,0.796000,0.875000,0.000000,0.000000,0.000000
22000,0.795538,0.795000,0.797231,0.800000,0.000000,0.000000,0.000000
23000,0.795429,0.815000,0.797143,0.815000,0.000000,0.000000,0.000000
24000,0.796067,0.820000,0.798067,0.830000,0.000000,0.000000,0.000000
25000,0.796375,0.780000,0.798312,0.790000,0.000000,0.000000,0.000000
26000,0.797529,0.840000,0.799353,0.845000,1.000000,0.000000,0.000000
27000,0.797222,0.790000,0.799000,0.795000,0.000000,0.000000,0.000000
28000,0.796789,0.795000,0.798474,0.780000,0.000000,0.000000,0.000000
29000,0.796450,0.765000,0.798250,0.775000,1.000000,0.000000,0.000000
30000,0.797667,0.845000,0.799476,0.860000,1.000000,0.000000,0.000000
31000,0.798909,0.875000,0.800636,0.865000,0.000000,0.000000,0.000000
32000,0.800217,0.900000,0.802217,0.905000,0.000000,0.000000,0.000000
33000,0.805833,0.935000,0.807667,0.935000,0.000000,0.000000,0.000000
34000,0.810880,0.945000,0.812440,0.935000,0.000000,0.000000,0.000000
35000,0.815192,0.960000,0.816692,0.965000,0.000000,0.000000,0.000000
36000,0.820481,0.950000,0.822000,0.955000,0.000000,0.000000,0.000000
37000,0.823929,0.860000,0.825429,0.865000,0.000000,0.000000,0.000000
38000,0.824207,0.855000,0.825655,0.855000,0.000000,0.000000,0.000000
39000,0.825100,0.860000,0.826333,0.855000,0.000000,0.000000,0.000000
40000,0.826710,0.910000,0.827903,0.910000,0.000000,0.000000,0.000000
41000,0.827875,0.845000,0.829094,0.850000,0.000000,0.000000,0.000000
42000,0.829121,0.810000,0.830273,0.815000,0.000000,0.000000,0.000000
43000,0.829559,0.840000,0.830794,0.840000,0.000000,0.000000,0.000000
44000,0.830257,0.850000,0.831514,0.845000,1.000000,0.000000,0.000000
45000,0.831472,0.870000,0.832750,0.870000,0.000000,0.000000,0.000000
46000,0.832568,0.875000,0.833757,0.880000,0.000000,0.000000,0.000000
47000,0.833395,0.845000,0.834447,0.835000,0.000000,0.000000,0.000000
48000,0.833615,0.850000,0.834846,0.860000,0.000000,0.000000,0.000000
49000,0.833675,0.875000,0.835075,0.870000,0.000000,0.000000,0.000000
50000,0.833854,0.865000,0.835341,0.865000,0.000000,0.000000,0.000000
51000,0.834619,0.865000,0.836143,0.860000,0.000000,0.000000,0.000000
52000,0.834256,0.840000,0.835953,0.845000,1.000000,0.000000,0.000000
53000,0.834295,0.810000,0.835773,0.805000,0.000000,0.000000,0.000000
54000,0.834200,0.885000,0.835733,0.875000,0.000000,0.000000,0.000000
55000,0.834239,0.790000,0.835783,0.795000,0.000000,0.000000,0.000000
56000,0.834319,0.880000,0.835936,0.890000,0.000000,0.000000,0.000000
57000,0.834063,0.805000,0.835812,0.820000,1.000000,0.000000,0.000000
58000,0.834143,0.855000,0.835837,0.860000,0.000000,0.000000,0.000000
59000,0.833920,0.830000,0.835740,0.835000,0.000000,0.000000,0.000000
60000,0.833804,0.815000,0.835608,0.825000,0.000000,0.000000,0.000000
61000,0.833615,0.830000,0.835288,0.820000,0.000000,0.000000,0.000000
62000,0.833472,0.820000,0.835094,0.805000,0.000000,0.000000,0.000000
63000,0.833222,0.820000,0.834648,0.795000,0.000000,0.000000,0.000000
64000,0.833327,0.845000,0.834618,0.855000,0.000000,0.000000,0.000000
65000,0.833768,0.860000,0.834768,0.865000,0.000000,0.000000,0.000000
66000,0.834333,0.810000,0.835386,0.820000,0.000000,0.000000,0.000000
67000,0.834103,0.820000,0.835069,0.840000,0.000000,0.000000,0.000000
68000,0.834271,0.850000,0.835220,0.845000,0.000000,0.000000,0.000000
69000,0.834150,0.845000,0.834917,0.825000,0.000000,0.000000,0.000000
70000,0.834230,0.890000,0.834984,0.885000,0.000000,0.000000,0.000000
71000,0.834371,0.825000,0.835016,0.815000,0.000000,0.000000,0.000000
72000,0.834524,0.845000,0.835238,0.850000,0.000000,0.000000,0.000000
73000,0.834734,0.825000,0.835469,0.835000,0.000000,0.000000,0.000000
74000,0.835077,0.865000,0.835815,0.870000,0.000000,0.000000,0.000000
75000,0.835288,0.855000,0.835939,0.850000,0.000000,0.000000,0.000000
76000,0.835597,0.875000,0.836224,0.880000,1.000000,0.000000,0.000000
77000,0.835897,0.860000,0.836529,0.860000,0.000000,0.000000,0.000000
78000,0.835536,0.800000,0.836101,0.805000,0.000000,0.000000,0.000000
79000,0.836171,0.885000,0.836686,0.880000,0.000000,0.000000,0.000000
80000,0.835986,0.820000,0.836535,0.830000,0.000000,1.000000,0.000000
81000,0.836014,0.820000,0.836431,0.815000,1.000000,1.000000,0.000000
82000,0.836137,0.815000,0.836575,0.805000,0.000000,0.000000,0.000000
83000,0.835973,0.820000,0.836338,0.810000,1.000000,0.000000,0.000000
84000,0.835427,0.770000,0.835760,0.775000,0.000000,0.000000,0.000000
85000,0.835382,0.805000,0.835671,0.805000,0.000000,0.000000,0.000000
86000,0.835286,0.790000,0.835623,0.800000,1.000000,1.000000,1.000000
87000,0.834949,0.785000,0.835167,0.790000,0.000000,0.000000,0.000000
88000,0.834608,0.820000,0.834785,0.815000,1.000000,0.000000,0.000000
89000,0.834475,0.850000,0.834662,0.850000,0.000000,0.000000,0.000000
90000,0.834222,0.845000,0.834309,0.850000,0.000000,0.000000,0.000000
91000,0.834183,0.830000,0.834268,0.830000,0.000000,0.000000,0.000000
92000,0.833783,0.820000,0.833831,0.820000,0.000000,0.000000,0.000000
93000,0.833393,0.785000,0.833429,0.780000,0.000000,0.000000,0.000000
94000,0.833129,0.790000,0.833188,0.800000,0.000000,0.000000,0.000000
95000,0.833105,0.820000,0.833116,0.815000,0.000000,0.000000,0.000000
96000,0.832816,0.775000,0.832793,0.780000,0.000000,0.000000,0.000000
97000,0.832466,0.790000,0.832364,0.790000,0.000000,0.000000,0.000000
98000,0.832270,0.800000,0.832180,0.800000,1.000000,0.000000,0.000000
99000,0.832078,0.815000,0.831933,0.820000,0.000000,0.000000,0.000000
100000,0.831890,0.820000,0.831725,0.815000,0.000000,0.000000,0.000000
101000,0.831565,0.785000,0.831489,0.795000,0.000000,0.000000,0.000000
102000,0.831387,0.765000,0.831215,0.770000,0.000000,0.000000,0.000000
103000,0.831213,0.800000,0.830957,0.815000,0.000000,0.000000,0.000000
104000,0.830947,0.800000,0.830600,0.800000,1.000000,0.000000,0.000000
105000,0.830510,0.810000,0.830042,0.800000,1.000000,0.000000,0.000000
106000,0.830258,0.785000,0.829928,0.790000,0.000000,0.000000,0.000000
107000,0.829776,0.820000,0.829347,0.790000,0.000000,0.000000,0.000000
108000,0.829697,0.860000,0.829172,0.860000,0.000000,0.000000,0.000000
109000,0.829520,0.855000,0.828890,0.850000,0.000000,0.000000,0.000000
110000,0.829465,0.825000,0.828762,0.800000,0.000000,0.000000,0.000000
111000,0.829245,0.810000,0.828598,0.815000,0.000000,0.000000,0.000000
112000,0.829029,0.780000,0.828291,0.760000,0.000000,0.000000,0.000000
113000,0.828933,0.790000,0.828106,0.810000,0.000000,0.000000,0.000000
114000,0.828762,0.820000,0.827943,0.820000,0.000000,0.000000,0.000000
115000,0.828736,0.845000,0.827802,0.840000,0.000000,0.000000,0.000000
116000,0.828561,0.795000,0.827617,0.780000,0.000000,0.000000,0.000000
117000,0.828500,0.830000,0.827472,0.825000,0.000000,0.000000,0.000000
118000,0.828358,0.810000,0.827312,0.780000,0.000000,0.000000,1.000000
119000,0.828264,0.840000,0.827173,0.830000,0.000000,0.000000,0.000000
120000,0.828180,0.835000,0.827027,0.825000,0.000000,0.000000,0.000000
121000,0.828054,0.795000,0.826848,0.790000,0.000000,0.000000,0.000000
122000,0.827788,0.785000,0.826566,0.790000,0.000000,0.000000,0.000000
123000,0.827737,0.805000,0.826430,0.785000,0.000000,0.000000,0.000000
124000,0.827643,0.820000,0.826313,0.820000,0.000000,0.000000,0.000000
125000,0.827526,0.840000,0.826250,0.835000,0.000000,0.000000,0.000000
126000,0.827453,0.865000,0.826171,0.845000,1.000000,0.000000,0.000000
127000,0.827432,0.865000,0.826127,0.870000,0.000000,0.000000,0.000000
128000,0.827395,0.885000,0.826092,0.875000,0.000000,0.000000,0.000000
129000,0.827225,0.805000,0.825925,0.795000,0.000000,0.000000,0.000000
130000,0.827058,0.835000,0.825752,0.835000,0.000000,0.000000,0.000000
131000,0.827016,0.820000,0.825754,0.815000,0.000000,0.000000,0.000000
132000,0.826691,0.805000,0.825528,0.815000,0.000000,0.000000,0.000000
133000,0.826581,0.795000,0.825395,0.780000,1.000000,0.000000,0.000000
134000,0.826664,0.820000,0.825440,0.835000,0.000000,0.000000,0.000000
135000,0.826706,0.825000,0.825460,0.810000,0.000000,0.000000,0.000000
136000,0.826654,0.820000,0.825394,0.835000,0.000000,0.000000,0.000000
137000,0.826523,0.805000,0.825195,0.800000,0.000000,0.000000,0.000000
138000,0.826372,0.845000,0.825008,0.855000,0.000000,0.000000,0.000000
139000,0.826392,0.830000,0.825046,0.825000,0.000000,0.000000,0.000000
140000,0.826435,0.840000,0.825160,0.845000,0.000000,0.000000,0.000000
141000,0.826386,0.795000,0.825068,0.760000,0.000000,0.000000,0.000000
142000,0.826677,0.920000,0.825338,0.915000,0.000000,0.000000,0.000000
143000,0.826925,0.895000,0.825604,0.890000,0.000000,0.000000,0.000000
144000,0.826289,0.745000,0.825007,0.750000,0.000000,0.000000,0.000000
145000,0.826243,0.815000,0.825015,0.830000,0.000000,0.000000,0.000000
146000,0.826058,0.845000,0.824839,0.845000,0.000000,0.000000,0.000000
147000,0.826348,0.860000,0.825123,0.850000,0.000000,0.000000,0.000000
148000,0.826604,0.890000,0.825388,0.890000,0.000000,0.000000,0.000000
149000,0.826843,0.870000,0.825607,0.870000,0.000000,0.000000,0.000000
150000,0.827000,0.850000,0.825794,0.840000,0.000000,0.000000,0.000000
151000,0.827352,0.890000,0.826070,0.880000,0.000000,0.000000,0.000000
152000,0.827622,0.850000,0.826315,0.850000,1.000000,0.000000,0.000000
153000,0.827889,0.855000,0.826569,0.850000,0.000000,0.000000,0.000000
154000,0.828138,0.875000,0.826793,0.890000,0.000000,0.000000,0.000000
155000,0.828308,0.885000,0.826986,0.885000,0.000000,0.000000,0.000000
156000,0.828354,0.825000,0.826980,0.820000,0.000000,0.000000,0.000000
157000,0.828351,0.850000,0.826953,0.845000,0.000000,0.000000,0.000000
158000,0.828336,0.830000,0.826946,0.840000,0.000000,0.000000,0.000000
159000,0.828540,0.875000,0.827187,0.890000,0.000000,0.000000,0.000000
160000,0.828695,0.850000,0.827351,0.845000,0.000000,0.000000,0.000000
161000,0.828638,0.845000,0.827355,0.845000,0.000000,0.000000,0.000000
162000,0.828719,0.820000,0.827464,0.830000,1.000000,0.000000,0.000000
163000,0.828734,0.830000,0.827455,0.830000,0.000000,0.000000,0.000000
164000,0.828826,0.825000,0.827542,0.840000,0.000000,0.000000,0.000000
165000,0.828897,0.830000,0.827583,0.830000,1.000000,0.000000,0.000000
166000,0.828917,0.830000,0.827561,0.810000,0.000000,0.000000,0.000000
167000,0.829127,0.850000,0.827766,0.855000,0.000000,0.000000,0.000000
168000,0.829239,0.850000,0.827899,0.850000,0.000000,0.000000,0.000000
169000,0.829462,0.900000,0.828144,0.915000,1.000000,0.000000,0.000000
170000,0.829571,0.875000,0.828230,0.880000,0.000000,0.000000,0.000000
171000,0.829765,0.860000,0.828401,0.860000,1.000000,0.000000,0.000000
172000,0.829871,0.825000,0.828509,0.815000,0.000000,0.000000,0.000000
173000,0.830098,0.845000,0.828646,0.830000,0.000000,0.000000,0.000000
174000,0.830079,0.780000,0.828679,0.785000,0.000000,0.000000,0.000000
175000,0.830211,0.850000,0.828813,0.835000,0.000000,0.000000,0.000000
176000,0.830413,0.850000,0.829018,0.850000,0.000000,0.000000,0.000000
177000,0.830530,0.840000,0.829095,0.825000,0.000000,0.000000,0.000000
178000,0.830645,0.825000,0.829183,0.840000,0.000000,0.000000,0.000000
179000,0.830888,0.875000,0.829453,0.875000,0.000000,0.000000,0.000000
180000,0.831123,0.895000,0.829719,0.900000,0.000000,0.000000,0.000000
181000,0.831360,0.855000,0.829965,0.865000,0.000000,0.000000,0.000000
182000,0.831497,0.855000,0.830127,0.860000,0.000000,0.000000,0.000000
183000,0.831494,0.795000,0.830172,0.790000,0.000000,0.000000,0.000000
184000,0.831549,0.830000,0.830263,0.825000,1.000000,0.000000,0.000000
185000,0.831534,0.850000,0.830273,0.850000,0.000000,0.000000,0.000000
186000,0.831554,0.850000,0.830294,0.860000,0.000000,0.000000,0.000000
187000,0.831640,0.855000,0.830371,0.860000,0.000000,0.000000,0.000000
188000,0.831587,0.835000,0.830330,0.840000,0.000000,0.000000,0.000000
189000,0.831444,0.780000,0.830233,0.805000,0.000000,0.000000,0.000000
190000,0.831420,0.805000,0.830199,0.800000,0.000000,0.000000,0.000000
191000,0.831385,0.825000,0.830154,0.825000,1.000000,0.000000,0.000000
192000,0.831443,0.835000,0.830224,0.840000,0.000000,0.000000,0.000000
193000,0.831397,0.860000,0.830168,0.855000,1.000000,0.000000,0.000000
194000,0.831314,0.790000,0.830043,0.795000,0.000000,0.000000,0.000000
195000,0.831247,0.790000,0.830011,0.800000,0.000000,0.000000,0.000000
196000,0.831144,0.795000,0.829920,0.800000,0.000000,0.000000,0.000000
197000,0.831090,0.820000,0.829894,0.820000,0.000000,0.000000,0.000000
198000,0.830995,0.810000,0.829772,0.790000,0.000000,0.000000,0.000000
199000,0.830963,0.815000,0.829779,0.820000,0.000000,0.000000,0.000000
200000,0.830759,0.765000,0.829586,0.770000,0.000000,0.000000,0.000000
201000,0.830734,0.875000,0.829542,0.865000,0.000000,0.000000,0.000000
202000,0.830658,0.860000,0.829497,0.860000,0.000000,0.000000,0.000000
203000,0.830588,0.775000,0.829428,0.780000,1.000000,0.000000,0.000000
204000,0.830544,0.830000,0.829354,0.840000,0.000000,0.000000,0.000000
205000,0.830505,0.825000,0.829301,0.815000,1.000000,0.000000,0.000000
206000,0.830371,0.790000,0.829208,0.800000,1.000000,0.000000,0.000000
207000,0.830424,0.855000,0.829268,0.865000,0.000000,0.000000,0.000000
208000,0.830322,0.820000,0.829191,0.825000,0.000000,0.000000,0.000000
209000,0.830210,0.745000,0.829120,0.755000,0.000000,0.000000,0.000000
210000,0.830095,0.795000,0.828955,0.790000,0.000000,0.000000,0.000000
211000,0.830000,0.790000,0.828866,0.790000,0.000000,0.000000,0.000000
212000,0.830015,0.840000,0.828882,0.835000,0.000000,0.000000,0.000000
213000,0.830005,0.870000,0.828887,0.845000,0.000000,0.000000,0.000000
214000,0.830054,0.855000,0.828971,0.865000,0.000000,0.000000,0.000000
215000,0.829869,0.830000,0.828840,0.835000,0.000000,0.000000,0.000000
216000,0.829918,0.780000,0.828884,0.795000,0.000000,0.000000,0.000000
217000,0.829889,0.865000,0.828846,0.865000,1.000000,0.000000,0.000000
218000,0.829799,0.780000,0.828746,0.795000,0.000000,0.000000,0.000000
219000,0.829752,0.840000,0.828719,0.850000,0.000000,0.000000,0.000000
220000,0.829791,0.840000,0.828735,0.820000,0.000000,0.000000,0.000000
221000,0.829712,0.825000,0.828646,0.805000,0.000000,0.000000,0.000000
222000,0.829751,0.865000,0.828657,0.880000,1.000000,0.000000,1.000000
223000,0.829794,0.830000,0.828696,0.835000,0.000000,0.000000,0.000000
224000,0.829823,0.810000,0.828698,0.795000,0.000000,0.000000,0.000000
225000,0.829866,0.815000,0.828704,0.840000,1.000000,0.000000,0.000000
226000,0.829866,0.865000,0.828650,0.825000,1.000000,0.000000,0.000000
227000,0.829872,0.840000,0.828610,0.835000,0.000000,0.000000,0.000000
228000,0.829890,0.860000,0.828616,0.875000,0.000000,0.000000,0.000000
229000,0.829986,0.840000,0.828677,0.835000,0.000000,0.000000,0.000000
230000,0.830041,0.885000,0.828692,0.885000,0.000000,0.000000,0.000000
231000,0.830068,0.865000,0.828761,0.880000,0.000000,0.000000,0.000000
232000,0.830036,0.785000,0.828753,0.795000,0.000000,0.000000,0.000000
233000,0.830000,0.825000,0.828723,0.835000,0.000000,0.000000,0.000000
234000,0.830036,0.875000,0.828778,0.870000,0.000000,0.000000,0.000000
235000,0.830013,0.830000,0.828739,0.810000,0.000000,0.000000,0.000000
236000,0.830048,0.830000,0.828749,0.820000,0.000000,0.000000,0.000000
237000,0.830140,0.830000,0.828816,0.805000,0.000000,0.000000,0.000000
238000,0.830057,0.825000,0.828699,0.800000,0.000000,0.000000,0.000000
239000,0.830000,0.805000,0.828643,0.820000,0.000000,0.000000,0.000000
240000,0.829978,0.840000,0.828623,0.835000,0.000000,0.000000,0.000000
241000,0.829931,0.820000,0.828560,0.805000,0.000000,0.000000,0.000000
242000,0.829927,0.810000,0.828515,0.810000,0.000000,0.000000,0.000000
243000,0.829906,0.795000,0.828491,0.820000,1.000000,0.000000,0.000000
244000,0.829928,0.840000,0.828511,0.840000,0.000000,0.000000,0.000000
245000,0.829924,0.860000,0.828530,0.850000,0.000000,0.000000,0.000000
246000,0.830055,0.865000,0.828654,0.875000,0.000000,0.000000,0.000000
247000,0.830105,0.795000,0.828693,0.795000,0.000000,0.000000,0.000000
248000,0.830113,0.820000,0.828665,0.810000,0.000000,0.000000,0.000000
249000,0.830217,0.850000,0.828800,0.845000,0.000000,0.000000,0.000000
250000,0.830523,0.895000,0.829120,0.900000,0.000000,0.000000,0.000000
251000,0.830876,0.915000,0.829500,0.925000,1.000000,0.000000,0.000000
252000,0.831354,0.940000,0.830008,0.945000,0.000000,0.000000,0.000000
253000,0.831766,0.915000,0.830422,0.915000,1.000000,0.000000,0.000000
254000,0.832078,0.930000,0.830747,0.925000,0.000000,0.000000,0.000000
255000,0.832358,0.870000,0.831012,0.870000,0.000000,0.000000,0.000000
256000,0.832652,0.910000,0.831304,0.910000,0.000000,0.000000,0.000000
257000,0.833157,0.945000,0.831806,0.945000,0.000000,0.000000,0.000000
258000,0.833574,0.990000,0.832233,0.990000,0.000000,0.000000,0.000000
259000,0.834040,0.980000,0.832708,0.975000,0.000000,0.000000,0.000000
260000,0.834279,0.880000,0.832960,0.880000,0.000000,0.000000,0.000000
261000,0.834357,0.915000,0.833048,0.900000,0.000000,0.000000,0.000000
262000,0.834640,0.885000,0.833344,0.880000,1.000000,0.000000,0.000000
263000,0.834839,0.890000,0.833488,0.860000,1.000000,0.000000,0.000000
264000,0.835090,0.855000,0.833741,0.865000,0.000000,0.000000,0.000000
265000,0.835270,0.850000,0.833902,0.830000,1.000000,0.000000,0.000000
266000,0.835374,0.865000,0.834004,0.870000,0.000000,0.000000,0.000000
267000,0.835453,0.835000,0.834078,0.835000,0.000000,0.000000,0.000000
268000,0.835533,0.825000,0.834181,0.820000,1.000000,1.000000,0.000000
269000,0.835588,0.785000,0.834238,0.770000,1.000000,0.000000,0.000000
270000,0.835609,0.865000,0.834299,0.870000,1.000000,0.000000,1.000000
271000,0.835744,0.880000,0.834420,0.910000,0.000000,0.000000,0.000000
272000,0.835806,0.875000,0.834464,0.880000,0.000000,0.000000,0.000000
273000,0.835890,0.850000,0.834515,0.855000,0.000000,0.000000,0.000000
274000,0.836004,0.855000,0.834642,0.870000,0.000000,0.000000,0.000000
275000,0.836071,0.815000,0.834714,0.825000,1.000000,0.000000,0.000000
276000,0.836079,0.845000,0.834712,0.855000,0.000000,0.000000,0.000000
277000,0.836172,0.825000,0.834813,0.825000,0.000000,0.000000,0.000000
278000,0.836175,0.805000,0.834818,0.805000,0.000000,0.000000,0.000000
279000,0.836174,0.835000,0.834819,0.825000,0.000000,0.000000,0.000000
280000,0.836284,0.860000,0.834908,0.855000,0.000000,0.000000,0.000000
281000,0.836368,0.845000,0.834985,0.850000,1.000000,0.000000,0.000000
282000,0.836473,0.855000,0.835037,0.825000,0.000000,0.000000,0.000000
283000,0.836569,0.850000,0.835106,0.870000,0.000000,0.000000,0.000000
284000,0.836658,0.905000,0.835207,0.895000,0.000000,0.000000,0.000000
285000,0.836649,0.850000,0.835261,0.865000,0.000000,0.000000,0.000000
286000,0.836690,0.875000,0.835314,0.865000,0.000000,0.000000,0.000000
287000,0.836673,0.800000,0.835324,0.815000,0.000000,0.000000,0.000000
288000,0.836763,0.875000,0.835409,0.885000,0.000000,0.000000,0.000000
289000,0.836832,0.845000,0.835493,0.845000,0.000000,0.000000,0.000000
290000,0.836883,0.830000,0.835541,0.840000,0.000000,0.000000,0.000000
291000,0.836918,0.825000,0.835535,0.815000,0.000000,0.000000,0.000000
292000,0.836968,0.870000,0.835583,0.870000,1.000000,0.000000,0.000000
293000,0.837025,0.820000,0.835595,0.815000,0.000000,0.000000,1.000000
294000,0.837081,0.840000,0.835628,0.815000,1.000000,0.000000,0.000000
295000,0.837189,0.890000,0.835706,0.875000,0.000000,0.000000,0.000000
296000,0.837268,0.885000,0.835760,0.860000,0.000000,0.000000,0.000000
297000,0.837368,0.870000,0.835844,0.865000,0.000000,0.000000,0.000000
298000,0.837471,0.845000,0.835952,0.850000,1.000000,0.000000,0.000000
299000,0.837634,0.890000,0.836114,0.895000,0.000000,0.000000,0.000000
300000,0.837729,0.805000,0.836179,0.815000,0.000000,0.000000,0.000000
301000,0.837771,0.855000,0.836154,0.825000,0.000000,0.000000,0.000000
302000,0.837857,0.915000,0.836246,0.905000,0.000000,0.000000,0.000000
303000,0.837993,0.855000,0.836381,0.855000,1.000000,0.000000,0.000000
304000,0.838098,0.860000,0.836444,0.840000,0.000000,0.000000,0.000000
305000,0.838115,0.850000,0.836480,0.860000,0.000000,0.000000,0.000000
306000,0.838202,0.850000,0.836549,0.850000,0.000000,0.000000,0.000000
307000,0.838268,0.885000,0.836614,0.895000,0.000000,0.000000,0.000000
308000,0.838334,0.840000,0.836716,0.855000,0.000000,0.000000,0.000000
309000,0.838387,0.835000,0.836763,0.830000,0.000000,0.000000,0.000000
310000,0.838419,0.865000,0.836804,0.860000,1.000000,0.000000,0.000000
311000,0.838424,0.880000,0.836815,0.860000,0.000000,0.000000,0.000000
312000,0.838426,0.850000,0.836815,0.865000,0.000000,0.000000,0.000000
313000,0.838434,0.865000,0.836855,0.865000,0.000000,0.000000,0.000000
314000,0.838420,0.875000,0.836849,0.870000,1.000000,0.000000,0.000000
315000,0.838402,0.780000,0.836804,0.775000,1.000000,0.000000,0.000000
316000,0.838391,0.875000,0.836801,0.870000,0.000000,0.000000,0.000000
317000,0.838383,0.785000,0.836808,0.790000,1.000000,0.000000,0.000000
318000,0.838350,0.850000,0.836780,0.845000,0.000000,0.000000,0.000000
319000,0.838387,0.825000,0.836819,0.825000,0.000000,0.000000,0.000000
320000,0.838350,0.860000,0.836778,0.850000,0.000000,0.000000,0.000000
321000,0.838337,0.820000,0.836769,0.815000,0.000000,0.000000,0.000000
322000,0.838351,0.835000,0.836796,0.845000,0.000000,0.000000,0.000000
323000,0.838354,0.865000,0.836815,0.870000,0.000000,0.000000,0.000000
324000,0.838321,0.825000,0.836806,0.835000,0.000000,0.000000,0.000000
325000,0.838288,0.840000,0.836763,0.840000,0.000000,0.000000,0.000000
326000,0.838221,0.780000,0.836710,0.770000,0.000000,0.000000,0.000000
327000,0.838173,0.745000,0.836714,0.760000,0.000000,0.000000,0.000000
328000,0.838125,0.795000,0.836665,0.785000,0.000000,0.000000,0.000000
329000,0.838091,0.855000,0.836634,0.845000,0.000000,0.000000,0.000000
330000,0.838069,0.865000,0.836598,0.850000,0.000000,0.000000,0.000000
331000,0.837960,0.830000,0.836475,0.825000,0.000000,0.000000,0.000000
332000,0.837972,0.905000,0.836458,0.880000,0.000000,0.000000,0.000000
333000,0.837951,0.825000,0.836404,0.795000,1.000000,0.000000,0.000000
334000,0.837929,0.805000,0.836409,0.795000,0.000000,0.000000,0.000000
335000,0.837954,0.855000,0.836399,0.840000,1.000000,0.000000,0.000000
336000,0.837893,0.855000,0.836318,0.845000,0.000000,0.000000,0.000000
337000,0.837869,0.855000,0.836299,0.840000,0.000000,0.000000,0.000000
338000,0.837860,0.865000,0.836277,0.865000,0.000000,0.000000,0.000000
339000,0.837839,0.810000,0.836252,0.785000,1.000000,0.000000,0.000000
340000,0.837819,0.830000,0.836242,0.850000,0.000000,0.000000,0.000000
341000,0.837771,0.855000,0.836172,0.845000,0.000000,0.000000,0.000000
342000,0.837739,0.850000,0.836138,0.865000,0.000000,0.000000,0.000000
343000,0.837766,0.850000,0.836183,0.860000,0.000000,0.000000,0.000000
344000,0.837785,0.865000,0.836173,0.850000,0.000000,0.000000,0.000000
345000,0.837747,0.780000,0.836122,0.785000,1.000000,0.000000,0.000000
346000,0.837712,0.805000,0.836101,0.800000,0.000000,0.000000,0.000000
347000,0.837710,0.825000,0.836107,0.835000,0.000000,0.000000,0.000000
348000,0.837631,0.810000,0.835982,0.780000,1.000000,0.000000,0.000000
349000,0.837662,0.890000,0.835991,0.860000,0.000000,0.000000,0.000000
350000,0.837639,0.830000,0.835962,0.840000,0.000000,0.000000,0.000000
351000,0.837664,0.845000,0.835985,0.830000,0.000000,0.000000,0.000000
352000,0.837580,0.835000,0.835910,0.830000,0.000000,0.000000,0.000000
353000,0.837549,0.860000,0.835875,0.850000,0.000000,0.000000,0.000000
354000,0.837507,0.845000,0.835832,0.830000,0.000000,0.000000,0.000000
355000,0.837451,0.840000,0.835786,0.825000,0.000000,0.000000,0.000000
356000,0.837447,0.845000,0.835793,0.840000,0.000000,0.000000,0.000000
357000,0.837443,0.795000,0.835773,0.785000,1.000000,0.000000,0.000000
358000,0.837436,0.835000,0.835748,0.810000,0.000000,0.000000,0.000000
359000,0.837383,0.820000,0.835669,0.820000,0.000000,0.000000,0.000000
360000,0.837390,0.815000,0.835650,0.795000,0.000000,0.000000,0.000000
361000,0.837313,0.820000,0.835554,0.820000,0.000000,0.000000,0.000000
362000,0.837323,0.835000,0.835561,0.840000,0.000000,0.000000,0.000000
363000,0.837345,0.895000,0.835579,0.885000,0.000000,0.000000,0.000000
364000,0.837389,0.895000,0.835614,0.885000,0.000000,0.000000,0.000000
365000,0.837525,0.885000,0.835750,0.890000,0.000000,0.000000,0.000000
366000,0.837549,0.850000,0.835768,0.845000,0.000000,0.000000,0.000000
367000,0.837545,0.840000,0.835740,0.825000,0.000000,0.000000,0.000000
368000,0.837579,0.825000,0.835752,0.805000,0.000000,0.000000,0.000000
369000,0.837594,0.885000,0.835753,0.880000,1.000000,0.000000,0.000000
370000,0.837568,0.850000,0.835723,0.850000,0.000000,0.000000,0.000000
371000,0.837575,0.850000,0.835718,0.840000,0.000000,0.000000,1.000000
372000,0.837545,0.825000,0.835683,0.820000,0.000000,0.000000,0.000000
373000,0.837525,0.810000,0.835657,0.820000,0.000000,0.000000,0.000000
374000,0.837567,0.860000,0.835696,0.860000,1.000000,0.000000,0.000000
375000,0.837721,0.895000,0.835847,0.895000,0.000000,0.000000,0.000000
376000,0.837847,0.865000,0.835959,0.845000,0.000000,0.000000,0.000000
377000,0.837905,0.855000,0.836027,0.860000,0.000000,0.000000,0.000000
378000,0.837981,0.860000,0.836106,0.860000,0.000000,0.000000,0.000000
379000,0.838097,0.865000,0.836230,0.870000,0.000000,0.000000,0.000000
380000,0.838143,0.870000,0.836283,0.875000,0.000000,0.000000,0.000000
381000,0.838304,0.885000,0.836438,0.880000,0.000000,0.000000,0.000000
382000,0.838458,0.875000,0.836571,0.880000,0.000000,0.000000,0.000000
383000,0.838511,0.855000,0.836642,0.885000,0.000000,0.000000,0.000000
384000,0.838635,0.905000,0.836776,0.900000,0.000000,0.000000,0.000000
385000,0.838737,0.880000,0.836870,0.890000,0.000000,0.000000,0.000000
386000,0.838830,0.870000,0.837003,0.885000,0.000000,0.000000,0.000000
387000,0.838937,0.860000,0.837108,0.840000,0.000000,0.000000,0.000000
388000,0.839047,0.840000,0.837243,0.865000,1.000000,0.000000,0.000000
389000,0.839174,0.880000,0.837358,0.890000,0.000000,0.000000,0.000000
390000,0.839276,0.855000,0.837470,0.855000,0.000000,0.000000,0.000000
391000,0.839356,0.880000,0.837547,0.880000,0.000000,0.000000,0.000000
392000,0.839467,0.910000,0.837666,0.905000,0.000000,0.000000,0.000000
393000,0.839594,0.890000,0.837794,0.890000,0.000000,0.000000,0.000000
394000,0.839652,0.875000,0.837886,0.865000,0.000000,0.000000,0.000000
395000,0.839762,0.885000,0.838013,0.895000,0.000000,0.000000,0.000000
396000,0.839858,0.890000,0.838098,0.890000,0.000000,0.000000,0.000000
397000,0.839961,0.870000,0.838193,0.875000,0.000000,0.000000,0.000000
398000,0.840021,0.870000,0.838267,0.880000,1.000000,0.000000,0.000000
399000,0.840108,0.860000,0.838356,0.840000,0.000000,0.000000,0.000000
400000,0.840184,0.850000,0.838445,0.865000,0.000000,0.000000,0.000000
401000,0.840245,0.870000,0.838515,0.870000,0.000000,0.000000,0.000000
402000,0.840344,0.840000,0.838603,0.850000,0.000000,0.000000,0.000000
403000,0.840409,0.860000,0.838695,0.895000,0.000000,0.000000,0.000000
404000,0.840501,0.845000,0.838795,0.850000,0.000000,0.000000,0.000000
405000,0.840619,0.885000,0.838899,0.885000,0.000000,0.000000,0.000000
406000,0.840688,0.865000,0.838955,0.870000,0.000000,0.000000,0.000000
407000,0.840751,0.870000,0.839030,0.870000,0.000000,0.000000,0.000000
408000,0.840822,0.845000,0.839100,0.835000,0.000000,0.000000,0.000000
409000,0.840858,0.900000,0.839145,0.910000,0.000000,0.000000,0.000000
410000,0.840920,0.855000,0.839209,0.855000,0.000000,0.000000,0.000000
411000,0.840988,0.870000,0.839271,0.865000,0.000000,0.000000,0.000000
412000,0.841015,0.865000,0.839280,0.850000,0.000000,0.000000,0.000000
413000,0.841037,0.830000,0.839297,0.820000,0.000000,0.000000,0.000000
414000,0.841094,0.870000,0.839358,0.885000,0.000000,0.000000,0.000000
415000,0.841106,0.795000,0.839357,0.775000,0.000000,0.000000,0.000000
416000,0.841147,0.870000,0.839410,0.885000,0.000000,0.000000,0.000000
417000,0.841206,0.850000,0.839478,0.850000,0.000000,0.000000,0.000000
418000,0.841200,0.805000,0.839482,0.820000,0.000000,0.000000,0.000000
419000,0.841224,0.880000,0.839515,0.885000,0.000000,0.000000,0.000000
420000,0.841263,0.830000,0.839560,0.835000,0.000000,0.000000,0.000000
421000,0.841320,0.850000,0.839624,0.840000,1.000000,0.000000,0.000000
422000,0.841354,0.870000,0.839668,0.870000,0.000000,0.000000,0.000000
423000,0.841379,0.875000,0.839722,0.880000,0.000000,0.000000,0.000000
424000,0.841386,0.880000,0.839740,0.865000,0.000000,0.000000,0.000000
425000,0.841373,0.800000,0.839738,0.790000,0.000000,0.000000,0.000000
426000,0.841408,0.875000,0.839784,0.865000,0.000000,0.000000,0.000000
427000,0.841423,0.825000,0.839797,0.840000,1.000000,0.000000,0.000000
428000,0.841477,0.855000,0.839842,0.845000,0.000000,0.000000,0.000000
429000,0.841474,0.840000,0.839852,0.840000,1.000000,0.000000,0.000000
430000,0.841468,0.840000,0.839850,0.830000,0.000000,0.000000,0.000000
431000,0.841479,0.860000,0.839844,0.840000,0.000000,0.000000,0.000000
432000,0.841489,0.860000,0.839856,0.865000,0.000000,0.000000,0.000000
433000,0.841519,0.855000,0.839903,0.875000,0.000000,0.000000,0.000000
434000,0.841504,0.795000,0.839889,0.800000,0.000000,0.000000,0.000000
435000,0.841545,0.850000,0.839925,0.850000,0.000000,0.000000,0.000000
436000,0.841576,0.880000,0.839960,0.880000,0.000000,0.000000,0.000000
437000,0.841626,0.890000,0.840002,0.900000,0.000000,0.000000,0.000000
438000,0.841706,0.900000,0.840086,0.890000,0.000000,0.000000,0.000000
439000,0.841665,0.815000,0.840070,0.820000,1.000000,0.000000,0.000000
440000,0.841643,0.810000,0.840056,0.805000,1.000000,0.000000,0.000000
441000,0.841662,0.825000,0.840086,0.830000,0.000000,0.000000,0.000000
442000,0.841693,0.860000,0.840125,0.870000,0.000000,0.000000,0.000000
443000,0.841666,0.795000,0.840074,0.795000,0.000000,0.000000,0.000000
444000,0.841676,0.820000,0.840064,0.815000,0.000000,0.000000,0.000000
445000,0.841697,0.865000,0.840057,0.845000,0.000000,0.000000,0.000000
446000,0.841771,0.860000,0.840130,0.860000,1.000000,0.000000,0.000000
447000,0.841811,0.885000,0.840176,0.865000,0.000000,0.000000,0.000000
448000,0.841850,0.905000,0.840212,0.895000,0.000000,0.000000,0.000000
449000,0.841914,0.860000,0.840268,0.840000,0.000000,0.000000,0.000000
450000,0.841950,0.855000,0.840279,0.835000,0.000000,0.000000,0.000000
451000,0.841973,0.845000,0.840312,0.840000,0.000000,0.000000,0.000000
452000,0.842027,0.850000,0.840350,0.830000,0.000000,0.000000,0.000000
453000,0.841980,0.830000,0.840313,0.830000,0.000000,0.000000,0.000000
454000,0.841946,0.775000,0.840274,0.775000,0.000000,0.000000,0.000000
455000,0.841975,0.865000,0.840280,0.860000,0.000000,0.000000,0.000000
456000,0.841989,0.865000,0.840255,0.840000,0.000000,0.000000,0.000000
457000,0.842009,0.830000,0.840254,0.825000,0.000000,0.000000,0.000000
458000,0.841996,0.860000,0.840243,0.850000,0.000000,0.000000,0.000000
459000,0.842013,0.825000,0.840258,0.835000,0.000000,0.000000,0.000000
460000,0.842044,0.860000,0.840293,0.870000,0.000000,0.000000,0.000000
461000,0.842040,0.850000,0.840274,0.860000,0.000000,0.000000,0.000000
462000,0.842053,0.855000,0.840272,0.860000,0.000000,0.000000,0.000000
463000,0.842018,0.815000,0.840225,0.825000,0.000000,0.000000,0.000000
464000,0.842022,0.845000,0.840220,0.840000,0.000000,0.000000,0.000000
465000,0.841982,0.825000,0.840171,0.820000,0.000000,0.000000,0.000000
466000,0.841954,0.825000,0.840136,0.820000,0.000000,0.000000,0.000000
467000,0.841950,0.845000,0.840105,0.830000,1.000000,0.000000,0.000000
468000,0.841891,0.795000,0.840044,0.780000,0.000000,0.000000,0.000000
469000,0.841880,0.870000,0.840011,0.845000,0.000000,0.000000,0.000000
470000,0.841846,0.825000,0.839987,0.820000,0.000000,0.000000,0.000000
471000,0.841814,0.845000,0.839957,0.860000,0.000000,0.000000,0.000000
472000,0.841782,0.830000,0.839929,0.840000,1.000000,0.000000,0.000000
473000,0.841761,0.815000,0.839914,0.810000,1.000000,0.000000,0.000000
474000,0.841686,0.775000,0.839837,0.795000,1.000000,0.000000,0.000000
475000,0.841652,0.880000,0.839815,0.875000,0.000000,0.000000,0.000000
476000,0.841600,0.845000,0.839777,0.840000,0.000000,0.000000,0.000000
477000,0.841600,0.840000,0.839782,0.860000,0.000000,0.000000,0.000000
478000,0.841578,0.840000,0.839753,0.845000,1.000000,0.000000,0.000000
479000,0.841564,0.860000,0.839717,0.865000,0.000000,0.000000,0.000000
480000,0.841514,0.805000,0.839660,0.790000,0.000000,0.000000,0.000000
481000,0.841483,0.790000,0.839621,0.805000,0.000000,0.000000,0.000000
482000,0.841471,0.870000,0.839594,0.840000,1.000000,0.000000,0.000000
483000,0.841435,0.850000,0.839553,0.835000,0.000000,0.000000,0.000000
484000,0.841349,0.855000,0.839495,0.875000,0.000000,0.000000,0.000000
485000,0.841296,0.800000,0.839441,0.795000,0.000000,1.000000,0.000000
486000,0.841306,0.860000,0.839430,0.845000,0.000000,0.000000,0.000000
487000,0.841278,0.845000,0.839393,0.845000,0.000000,0.000000,0.000000
488000,0.841211,0.770000,0.839299,0.765000,1.000000,0.000000,0.000000
489000,0.841127,0.815000,0.839208,0.810000,0.000000,0.000000,0.000000
490000,0.841191,0.915000,0.839268,0.910000,0.000000,0.000000,0.000000
491000,0.841326,0.870000,0.839386,0.855000,0.000000,0.000000,0.000000
492000,0.841422,0.845000,0.839484,0.880000,0.000000,0.000000,0.000000
493000,0.841486,0.865000,0.839545,0.845000,0.000000,0.000000,0.000000
494000,0.841478,0.830000,0.839487,0.795000,0.000000,0.000000,0.000000
495000,0.841541,0.825000,0.839521,0.815000,1.000000,0.000000,0.000000
496000,0.841612,0.845000,0.839589,0.835000,0.000000,0.000000,0.000000
497000,0.841686,0.905000,0.839678,0.915000,0.000000,0.000000,0.000000
498000,0.841765,0.895000,0.839757,0.905000,0.000000,0.000000,0.000000
499000,0.841835,0.880000,0.839833,0.880000,0.000000,0.000000,0.000000
500000,0.841817,0.845000,0.839829,0.850000,0.000000,0.000000,0.000000
501000,0.841827,0.820000,0.839843,0.815000,0.000000,0.000000,0.000000
502000,0.841856,0.820000,0.839872,0.805000,0.000000,0.000000,0.000000
503000,0.841911,0.825000,0.839931,0.825000,0.000000,0.000000,0.000000
504000,0.841954,0.875000,0.839980,0.870000,1.000000,0.000000,0.000000
505000,0.841962,0.845000,0.839982,0.830000,0.000000,0.000000,0.000000
506000,0.842044,0.880000,0.840068,0.880000,0.000000,0.000000,0.000000
507000,0.842106,0.910000,0.840141,0.915000,0.000000,0.000000,0.000000
508000,0.842156,0.875000,0.840186,0.870000,0.000000,0.000000,0.000000
509000,0.842164,0.855000,0.840196,0.840000,1.000000,1.000000,0.000000
510000,0.842166,0.800000,0.840210,0.810000,1.000000,0.000000,0.000000
511000,0.842195,0.850000,0.840245,0.850000,0.000000,0.000000,0.000000
512000,0.842215,0.855000,0.840272,0.840000,0.000000,0.000000,0.000000
513000,0.842252,0.870000,0.840306,0.860000,0.000000,0.000000,0.000000
514000,0.842257,0.865000,0.840321,0.865000,0.000000,0.000000,0.000000
515000,0.842332,0.865000,0.840387,0.865000,0.000000,0.000000,0.000000
516000,0.842383,0.880000,0.840444,0.870000,0.000000,0.000000,0.000000
517000,0.842415,0.875000,0.840470,0.865000,0.000000,0.000000,0.000000
518000,0.842468,0.850000,0.840513,0.835000,0.000000,0.000000,0.000000
519000,0.842527,0.845000,0.840596,0.855000,0.000000,0.000000,0.000000
520000,0.842571,0.840000,0.840650,0.870000,0.000000,0.000000,0.000000
521000,0.842625,0.830000,0.840703,0.830000,0.000000,0.000000,0.000000
522000,0.842663,0.855000,0.840737,0.845000,0.000000,0.000000,0.000000
523000,0.842696,0.880000,0.840776,0.890000,0.000000,0.000000,0.000000
524000,0.842734,0.885000,0.840798,0.870000,1.000000,1.000000,0.000000
525000,0.842816,0.850000,0.840870,0.840000,0.000000,0.000000,0.000000
526000,0.842859,0.855000,0.840913,0.845000,0.000000,0.000000,0.000000
527000,0.842880,0.870000,0.840931,0.875000,0.000000,0.000000,0.000000
528000,0.842882,0.845000,0.840927,0.820000,0.000000,0.000000,0.000000
529000,0.842858,0.815000,0.840906,0.820000,0.000000,0.000000,0.000000
530000,0.842883,0.840000,0.840937,0.850000,0.000000,0.000000,0.000000
531000,0.842914,0.865000,0.840950,0.875000,1.000000,0.000000,0.000000
532000,0.842885,0.820000,0.840906,0.825000,0.000000,0.000000,0.000000
533000,0.842912,0.875000,0.840927,0.880000,0.000000,0.000000,0.000000
534000,0.842910,0.890000,0.840943,0.895000,0.000000,0.000000,0.000000
535000,0.842918,0.850000,0.840947,0.830000,0.000000,0.000000,0.000000
536000,0.842949,0.870000,0.840958,0.845000,0.000000,0.000000,0.000000
537000,0.842924,0.855000,0.840924,0.840000,1.000000,0.000000,0.000000
538000,0.842958,0.845000,0.840949,0.845000,0.000000,0.000000,0.000000
539000,0.842989,0.850000,0.840983,0.840000,0.000000,0.000000,0.000000
540000,0.842974,0.865000,0.840951,0.850000,0.000000,0.000000,0.000000
541000,0.842987,0.830000,0.840959,0.845000,0.000000,0.000000,0.000000
542000,0.843006,0.810000,0.840938,0.770000,0.000000,0.000000,0.000000
543000,0.842991,0.845000,0.840910,0.830000,0.000000,0.000000,0.000000
544000,0.842974,0.830000,0.840888,0.810000,1.000000,0.000000,0.000000
545000,0.842989,0.835000,0.840899,0.825000,0.000000,0.000000,0.000000
546000,0.842974,0.815000,0.840864,0.790000,0.000000,0.000000,0.000000
547000,0.842961,0.850000,0.840857,0.840000,0.000000,0.000000,0.000000
548000,0.842996,0.855000,0.840879,0.845000,0.000000,0.000000,0.000000
549000,0.842974,0.870000,0.840861,0.840000,0.000000,0.000000,0.000000
550000,0.842924,0.825000,0.840800,0.805000,0.000000,0.000000,0.000000
551000,0.842906,0.870000,0.840773,0.880000,0.000000,0.000000,0.000000
552000,0.842897,0.830000,0.840766,0.810000,1.000000,0.000000,0.000000
553000,0.842890,0.845000,0.840750,0.830000,0.000000,0.000000,0.000000
554000,0.842861,0.795000,0.840723,0.790000,0.000000,0.000000,0.000000
555000,0.842859,0.845000,0.840718,0.855000,0.000000,0.000000,0.000000
556000,0.842845,0.820000,0.840695,0.810000,0.000000,0.000000,0.000000
557000,0.842807,0.840000,0.840648,0.840000,1.000000,0.000000,0.000000
558000,0.842811,0.840000,0.840643,0.825000,0.000000,0.000000,0.000000
559000,0.842769,0.825000,0.840607,0.830000,0.000000,0.000000,0.000000
560000,0.842760,0.795000,0.840584,0.790000,0.000000,0.000000,0.000000
561000,0.842755,0.845000,0.840580,0.850000,0.000000,0.000000,0.000000
562000,0.842734,0.825000,0.840550,0.805000,0.000000,0.000000,0.000000
563000,0.842702,0.850000,0.840507,0.845000,0.000000,0.000000,0.000000
564000,0.842656,0.795000,0.840458,0.790000,0.000000,0.000000,0.000000
565000,0.842631,0.815000,0.840441,0.820000,1.000000,0.000000,0.000000
566000,0.842528,0.810000,0.840341,0.820000,0.000000,0.000000,0.000000
567000,0.842509,0.815000,0.840294,0.805000,0.000000,0.000000,0.000000
568000,0.842481,0.850000,0.840275,0.850000,0.000000,0.000000,0.000000
569000,0.842470,0.825000,0.840268,0.820000,0.000000,0.000000,0.000000
570000,0.842433,0.785000,0.840244,0.790000,0.000000,0.000000,0.000000
571000,0.842367,0.790000,0.840183,0.790000,0.000000,0.000000,0.000000
572000,0.842336,0.810000,0.840123,0.800000,0.000000,0.000000,0.000000
573000,0.842333,0.835000,0.840135,0.825000,0.000000,0.000000,0.000000
574000,0.842320,0.820000,0.840113,0.815000,0.000000,0.000000,0.000000
575000,0.842302,0.840000,0.840083,0.820000,0.000000,0.000000,0.000000
576000,0.842263,0.860000,0.840055,0.845000,0.000000,0.000000,0.000000
577000,0.842262,0.855000,0.840062,0.850000,0.000000,0.000000,0.000000
578000,0.842214,0.815000,0.840000,0.810000,0.000000,0.000000,0.000000