# TEST CONFIGURATION BEGIN
# FileStream(filename='export_dataframe_num.csv', target_idx=-1, n_targets=1, cat_features=None)
# [M0] HAT(binary_split=False, grace_period=200, leaf_prediction='nba', max_byte_size=33554432, memory_estimate_period=1000000, nb_threshold=0, no_preprune=True, nominal_attributes=None, remove_poor_atts=False, split_confidence=1e-07, split_criterion='info_gain', stop_mem_management=False, tie_threshold=0.05)
# EvaluatePrequential(batch_size=1000, data_points_for_classification=False, max_samples=1000000, max_time=1000, metrics=['accuracy', 'running_time', 'model_size'], n_wait=1000, output_file='summary_ht.txt', pretrain_size=1000, restart_stream=True, show_plot=False)
# TEST CONFIGURATION END
id,mean_acc_[M0],current_acc_[M0],training_time_[M0],testing_time_[M0],total_running_time_[M0],model_size_[M0]
1000,0.975000,0.975000,0.962985,0.113244,1.076229,84.237305
2000,0.950000,0.925000,1.448147,0.231154,1.679301,81.331055
3000,0.775667,0.427000,1.925741,0.338043,2.263784,82.303711
4000,0.778500,0.787000,2.403864,0.485514,2.889378,78.893555
5000,0.648200,0.127000,2.879764,0.620312,3.500076,84.866211
6000,0.696833,0.940000,3.359031,0.735128,4.094159,84.381836
7000,0.727286,0.910000,3.853066,0.849597,4.702663,82.866211
8000,0.743750,0.859000,4.339103,0.921860,5.260963,82.866211
9000,0.759111,0.882000,4.824474,1.033217,5.857691,82.870117
10000,0.771100,0.879000,5.304574,1.146660,6.451234,78.241211
11000,0.743273,0.465000,5.767334,1.212916,6.980250,82.870117
12000,0.739000,0.692000,6.253291,1.369069,7.622361,82.389648
13000,0.724462,0.550000,6.739640,1.517610,8.257250,51.338867
14000,0.691857,0.268000,7.216151,1.646301,8.862453,84.893555
15000,0.710800,0.976000,7.685459,1.759744,9.445203,84.405273
16000,0.719063,0.843000,8.166631,1.881590,10.048221,84.381836
17000,0.732118,0.941000,8.668404,2.002412,10.670815,83.862305
18000,0.741333,0.898000,9.164596,2.124954,11.289550,83.413086
19000,0.749842,0.903000,9.663363,2.244110,11.907473,76.784180
20000,0.721600,0.185000,10.166414,2.336983,12.503397,77.370117
21000,0.688857,0.034000,10.636249,2.433912,13.070161,82.268555
22000,0.679591,0.485000,11.122028,2.577065,13.699093,82.385742
23000,0.671783,0.500000,11.626892,2.725616,14.352508,82.842773
24000,0.673708,0.718000,12.105651,2.875503,14.981153,81.448242
25000,0.667200,0.511000,12.609631,3.018605,15.628236,80.413086
26000,0.649385,0.204000,13.095364,3.160048,16.255411,85.377930
27000,0.660407,0.947000,13.573148,3.282357,16.855504,84.916992
28000,0.671107,0.960000,14.071042,3.404017,17.475059,84.377930
29000,0.678621,0.889000,14.587960,3.523814,18.111774,84.381836
30000,0.687033,0.931000,15.091496,3.646504,18.738000,83.897461
31000,0.690194,0.785000,15.591674,3.767795,19.359469,83.467773
32000,0.695219,0.851000,16.099235,3.887405,19.986641,82.385742
33000,0.698273,0.796000,16.614503,4.012602,20.627105,81.413086
34000,0.695088,0.590000,17.119268,4.124907,21.244174,81.413086
35000,0.688943,0.480000,17.629264,4.242071,21.871334,79.928711
36000,0.682028,0.440000,18.128473,4.307999,22.436472,79.358398
37000,0.674730,0.412000,18.607389,4.377823,22.985213,82.924805
38000,0.679711,0.864000,19.106142,4.540720,23.646862,82.331055
39000,0.682154,0.775000,19.604566,4.696030,24.300596,81.358398
40000,0.677200,0.484000,20.124727,4.849715,24.974442,82.354492
41000,0.670268,0.393000,20.638355,5.005935,25.644289,48.319336
42000,0.657833,0.148000,21.110667,5.129407,26.240075,85.377930
43000,0.664349,0.938000,21.583749,5.242524,26.826273,82.959961
44000,0.671636,0.985000,22.003404,5.341890,27.345294,52.241211
45000,0.668956,0.551000,22.436263,5.483195,27.919458,79.639648
46000,0.669848,0.710000,22.850271,5.576484,28.426755,85.405273
47000,0.676468,0.981000,23.295649,5.655449,28.951098,71.323242
48000,0.682750,0.978000,23.694443,5.741056,29.435499,84.467773
49000,0.688694,0.974000,24.092581,5.841271,29.933853,79.471680
50000,0.679660,0.237000,24.564071,5.973055,30.537126,84.893555
51000,0.685588,0.982000,25.005274,6.082262,31.087537,85.889648
52000,0.682731,0.537000,25.510318,6.147161,31.657479,85.377930
53000,0.688189,0.972000,25.988353,6.263799,32.252152,80.178711
54000,0.693556,0.978000,26.399745,6.364865,32.764610,84.916992
55000,0.695782,0.816000,26.840872,6.440083,33.280954,74.002930
56000,0.684054,0.039000,27.352220,6.536667,33.888888,83.381836
57000,0.685930,0.791000,27.780755,6.702121,34.482876,85.069336
58000,0.674724,0.036000,28.264108,6.802482,35.066590,83.631836
59000,0.679932,0.982000,28.691211,6.906528,35.597739,85.944336
60000,0.669033,0.026000,29.206585,7.013724,36.220309,85.377930
61000,0.674115,0.979000,29.648152,7.129491,36.777643,81.866211
62000,0.673355,0.627000,30.040026,7.218824,37.258851,84.889648
63000,0.678048,0.969000,30.466390,7.287352,37.753741,83.956055
64000,0.683047,0.998000,30.916040,7.393199,38.309238,82.475586
65000,0.687846,0.995000,31.368010,7.498580,38.866590,78.643555
66000,0.692045,0.965000,31.815255,7.602998,39.418253,80.592773
67000,0.694701,0.870000,32.244168,7.763312,40.007480,84.467773
68000,0.699191,1.000000,32.706561,7.871630,40.578192,82.350586
69000,0.701435,0.854000,33.137137,7.976248,41.113384,79.471680
70000,0.702986,0.810000,33.543618,8.122202,41.665820,83.471680
71000,0.706592,0.959000,33.942568,8.217782,42.160350,80.420898
72000,0.708375,0.835000,34.336856,8.359371,42.696226,83.956055
73000,0.712260,0.992000,34.740086,8.459024,43.199110,81.452148
74000,0.714162,0.853000,35.144740,8.602698,43.747438,83.346680
75000,0.716533,0.892000,35.520875,8.688388,44.209263,80.405273
76000,0.712539,0.413000,35.934789,8.835270,44.770059,83.956055
77000,0.712818,0.734000,36.365416,8.940080,45.305496,83.319336
78000,0.714756,0.864000,36.842248,9.088918,45.931166,80.319336
79000,0.708278,0.203000,37.313420,9.210742,46.524161,52.241211
80000,0.707475,0.644000,37.750567,9.342152,47.092719,84.885742
81000,0.709358,0.860000,38.241486,9.467747,47.709234,84.377930
82000,0.711878,0.916000,38.687079,9.586117,48.273196,84.112305
83000,0.714193,0.904000,39.126308,9.654397,48.780706,83.416992
84000,0.716024,0.868000,39.586387,9.764766,49.351153,83.624023
85000,0.717953,0.880000,40.039761,9.880342,49.920103,84.135742
86000,0.720105,0.903000,40.442728,9.982196,50.424924,82.084961
87000,0.722966,0.969000,40.889855,10.087352,50.977208,80.995117
88000,0.724443,0.853000,41.329449,10.197297,51.526746,79.362305
89000,0.726539,0.911000,41.766748,10.270561,52.037309,78.284180
90000,0.727933,0.852000,42.210666,10.416122,52.626788,84.596680
91000,0.730363,0.949000,42.639471,10.516905,53.156376,82.116211
92000,0.733054,0.978000,43.079027,10.623141,53.702168,82.624023
93000,0.735538,0.964000,43.515145,10.733728,54.248873,81.499023
94000,0.735543,0.736000,43.944655,10.838418,54.783073,80.483398
95000,0.737253,0.898000,44.346319,10.945912,55.292232,81.483398
96000,0.733875,0.413000,44.742610,11.093721,55.836331,78.065430
97000,0.733794,0.726000,45.169038,11.226791,56.395829,74.295898
98000,0.731235,0.483000,45.590337,11.355809,56.946147,84.596680
99000,0.730333,0.642000,46.052474,11.458746,57.511219,84.346680
100000,0.732330,0.930000,46.532514,11.575264,58.107778,83.866211
101000,0.733376,0.838000,47.005482,11.696640,58.702122,84.381836
102000,0.734392,0.837000,47.491833,11.817662,59.309496,83.350586
103000,0.735883,0.888000,47.978099,11.946566,59.924665,83.350586
104000,0.737452,0.899000,48.418915,12.020974,60.439889,81.424805
105000,0.739800,0.984000,48.843100,12.161376,61.004477,38.452148
106000,0.733491,0.071000,49.251234,12.236998,61.488232,84.010742
107000,0.734327,0.823000,49.706273,12.333266,62.039539,70.053711
108000,0.728259,0.079000,50.194063,12.409736,62.603799,83.440430
109000,0.728495,0.754000,50.680365,12.567081,63.247445,82.838867
110000,0.729273,0.814000,51.176870,12.721308,63.898178,83.377930
111000,0.730225,0.835000,51.614293,12.884539,64.498832,85.225586
112000,0.731313,0.852000,52.008693,12.961883,64.970576,82.440430
113000,0.728080,0.366000,52.493841,13.102733,65.596573,81.331055
114000,0.724982,0.375000,52.925919,13.258560,66.184479,84.467773
115000,0.727348,0.997000,53.312004,13.346837,66.658840,84.889648
116000,0.729517,0.979000,53.717103,13.420934,67.138037,49.440430
117000,0.726009,0.319000,54.188785,13.542132,67.730918,84.893555
118000,0.727924,0.952000,54.685675,13.666149,68.351824,84.831055
119000,0.729387,0.902000,55.195964,13.783208,68.979172,84.409180
120000,0.730858,0.906000,55.709359,13.907929,69.617289,85.346680
121000,0.732488,0.928000,56.217542,14.026287,70.243830,84.885742
122000,0.733443,0.849000,56.763078,14.153263,70.916341,84.350586
123000,0.734732,0.892000,57.622846,14.271110,71.893956,84.405273
124000,0.735887,0.878000,58.256921,14.416043,72.672964,83.834961
125000,0.736456,0.807000,58.759315,14.557839,73.317154,84.436523
126000,0.737048,0.811000,59.239223,14.700951,73.940174,81.436523
127000,0.732701,0.185000,59.774718,14.794568,74.569286,79.893555
128000,0.731102,0.528000,60.285636,14.861249,75.146885,81.444336
129000,0.730132,0.606000,60.777923,14.928116,75.706039,82.866211
130000,0.730623,0.794000,61.264593,15.043473,76.308065,82.920898
131000,0.730947,0.773000,61.754816,15.161932,76.916748,82.889648
132000,0.731303,0.778000,62.259607,15.275082,77.534689,81.467773
133000,0.729669,0.514000,62.769137,15.393449,78.162586,81.354492
134000,0.727739,0.471000,63.277650,15.460491,78.738141,81.436523
135000,0.724519,0.293000,63.776486,15.570498,79.346983,77.151367
136000,0.721154,0.267000,64.264639,15.637610,79.902249,82.901367
137000,0.721679,0.793000,64.769554,15.797176,80.566730,80.471680
138000,0.717674,0.169000,65.244989,15.950426,81.195415,85.432617
139000,0.719338,0.949000,65.741553,16.066978,81.808531,84.405273
140000,0.720686,0.908000,66.223041,16.187910,82.410950,83.897461
141000,0.721397,0.821000,66.727779,16.309360,83.037139,82.499023
142000,0.721296,0.707000,67.213132,16.382866,83.595998,82.389648
143000,0.722490,0.892000,67.666066,16.542791,84.208856,85.405273
144000,0.724076,0.951000,68.154550,16.653791,84.808341,83.350586
145000,0.725421,0.919000,68.611774,16.731546,85.343320,76.323242
146000,0.720712,0.038000,69.081529,16.891843,85.973372,84.381836
147000,0.721932,0.900000,69.539684,16.968827,86.508511,82.928711
148000,0.723236,0.915000,69.951737,17.045034,86.996771,85.889648
149000,0.724899,0.971000,70.438931,17.155468,87.594398,83.897461
150000,0.726413,0.952000,70.932125,17.271182,88.203307,82.272461
151000,0.727715,0.923000,71.399674,17.430559,88.830234,84.893555
152000,0.728862,0.902000,71.894077,17.538273,89.432350,80.752930
153000,0.725797,0.260000,72.353564,17.647039,90.000603,85.374023
154000,0.727331,0.962000,72.817795,17.755772,90.573567,84.436523
155000,0.728252,0.870000,73.306071,17.875038,91.181108,82.901367
156000,0.727622,0.630000,73.751187,18.034379,91.785566,85.459961
157000,0.729210,0.977000,74.233051,18.152586,92.385638,84.803711
158000,0.730570,0.944000,74.732948,18.268818,93.001766,81.838867
159000,0.729270,0.524000,75.205373,18.335425,93.540797,81.440430
160000,0.727631,0.467000,75.689879,18.488496,94.178375,85.432617
161000,0.728957,0.941000,76.154623,18.603309,94.757931,83.920898
162000,0.730241,0.937000,76.648029,18.719055,95.367085,82.327148
163000,0.730620,0.792000,77.103230,18.875021,95.978250,85.405273
164000,0.732000,0.957000,77.577745,18.984458,96.562203,84.893555
165000,0.733018,0.900000,78.057032,19.093717,97.150749,82.866211
166000,0.733506,0.814000,78.520528,19.204956,97.725484,81.874023
167000,0.733246,0.690000,78.983581,19.349058,98.332639,85.432617
168000,0.734506,0.945000,79.455080,19.460475,98.915556,84.381836
169000,0.735367,0.880000,79.924951,19.573751,99.498703,82.444336
170000,0.735506,0.759000,80.403010,19.682964,100.085974,12.548828
171000,0.736368,0.883000,80.865477,19.708285,100.573762,80.440430
172000,0.734564,0.426000,81.337943,19.852523,101.190465,85.346680
173000,0.735636,0.920000,81.804838,19.962081,101.766920,83.866211
174000,0.736759,0.931000,82.297138,20.067776,102.364913,82.413086
175000,0.736377,0.670000,82.752699,20.173829,102.926528,82.331055
176000,0.735182,0.526000,83.212956,20.323337,103.536293,79.041992
177000,0.732079,0.186000,83.694343,20.453932,104.148274,85.346680
178000,0.733438,0.974000,84.170192,20.565390,104.735582,83.870117
179000,0.734190,0.868000,84.651279,20.681340,105.332620,82.866211
180000,0.734622,0.812000,85.143658,20.788185,105.931843,71.475586
181000,0.730729,0.030000,85.605407,20.868102,106.473510,78.913086
182000,0.727110,0.072000,86.080967,20.993523,107.074491,84.893555
183000,0.728284,0.942000,86.557730,21.103152,107.660882,81.838867
184000,0.728114,0.697000,87.036516,21.211357,108.247873,73.913086
185000,0.725535,0.251000,87.488604,21.274285,108.762889,82.303711
186000,0.725753,0.766000,87.974780,21.416456,109.391235,82.389648
187000,0.724829,0.553000,88.461961,21.567542,110.029502,81.327148
188000,0.723122,0.404000,88.940041,21.715504,110.655545,79.959961
189000,0.720101,0.152000,89.414931,21.850917,111.265848,85.401367
190000,0.720874,0.867000,89.874453,21.963814,111.838267,84.862305
191000,0.721874,0.912000,90.353225,22.077463,112.430687,84.346680
192000,0.723042,0.946000,90.821843,22.193951,113.015793,84.319336
193000,0.724073,0.922000,91.296068,22.311233,113.607301,82.920898
194000,0.724809,0.867000,91.727375,22.380784,114.108158,70.909180
195000,0.721703,0.119000,92.194892,22.451601,114.646493,82.870117
196000,0.720566,0.499000,92.678475,22.603648,115.282123,82.811523
197000,0.720553,0.718000,93.129514,22.753060,115.882574,73.342773
198000,0.716914,0.000000,93.594428,22.881107,116.475535,84.862305
199000,0.717704,0.874000,94.054940,22.992877,117.047817,83.866211
200000,0.718435,0.864000,94.523522,23.063944,117.587466,82.327148
201000,0.718388,0.709000,94.985956,23.133747,118.119703,66.514648
202000,0.715030,0.040000,95.454117,23.197803,118.651920,79.358398
203000,0.712281,0.157000,95.936532,23.298776,119.235308,81.385742
204000,0.711500,0.553000,96.417584,23.362059,119.779642,82.838867
205000,0.710434,0.493000,96.886389,23.507534,120.393922,81.389648
206000,0.709131,0.442000,97.381625,23.642623,121.024248,81.354492
207000,0.709058,0.694000,97.845557,23.787885,121.633442,85.377930
208000,0.710264,0.960000,98.330880,23.904412,122.235292,84.893555
209000,0.711129,0.891000,98.807443,24.019000,122.826443,84.436523
210000,0.712205,0.937000,99.288514,24.136647,123.425162,84.409180
211000,0.713090,0.899000,99.765255,24.256434,124.021689,84.350586
212000,0.713840,0.872000,100.252776,24.370531,124.623307,83.350586
213000,0.714521,0.859000,100.735116,24.487292,125.222408,82.983398
214000,0.715164,0.852000,101.227410,24.555239,125.782649,82.897461
215000,0.715358,0.757000,101.713616,24.674980,126.388596,82.952148
216000,0.715088,0.657000,102.208767,24.794951,127.003718,83.413086
217000,0.715373,0.777000,102.703104,24.912015,127.615118,84.319336
218000,0.715968,0.845000,103.177302,25.026436,128.203738,84.350586
219000,0.717078,0.959000,103.658617,25.142205,128.800822,84.405273
220000,0.718186,0.961000,104.147024,25.259608,129.406632,84.381836
221000,0.718633,0.817000,104.624905,25.373928,129.998833,83.866211
222000,0.719423,0.894000,105.087239,25.484095,130.571334,78.159180
223000,0.717121,0.206000,105.515075,25.542918,131.057993,84.409180
224000,0.718281,0.977000,105.919575,25.620960,131.540535,85.889648
225000,0.716613,0.343000,106.380168,25.688505,132.068674,82.444336
226000,0.716894,0.780000,106.857410,25.801837,132.659246,79.803711
227000,0.717709,0.902000,107.288740,25.876850,133.165590,84.350586
228000,0.718456,0.888000,107.780950,25.988643,133.769592,84.381836
229000,0.719406,0.936000,108.244803,26.095738,134.340541,81.569336
230000,0.717026,0.172000,108.690021,26.186512,134.876533,82.901367
231000,0.717455,0.816000,109.104646,26.340039,135.444685,83.686523
232000,0.718591,0.981000,109.470987,26.412442,135.883429,83.975586
233000,0.719682,0.973000,109.846500,26.481161,136.327661,84.467773
234000,0.720368,0.880000,110.220640,26.570100,136.790741,85.889648
235000,0.719966,0.626000,110.709583,26.640204,137.349787,77.366211
236000,0.717318,0.095000,111.167674,26.770266,137.937940,78.436523
237000,0.717000,0.642000,111.589060,26.839861,138.428921,81.811523
238000,0.716500,0.598000,112.080878,26.987167,139.068044,82.385742
239000,0.717377,0.926000,112.468337,27.142799,139.611135,81.112305
240000,0.718267,0.931000,112.848135,27.242058,140.090193,84.514648
241000,0.719245,0.954000,113.237942,27.313651,140.551593,85.084961
242000,0.719711,0.832000,113.619277,27.389076,141.008352,85.889648
243000,0.719794,0.740000,114.079592,27.455041,141.534633,84.323242
244000,0.720832,0.973000,114.537893,27.568962,142.106855,82.870117
245000,0.720641,0.674000,115.009753,27.681880,142.691633,83.381836
246000,0.721545,0.943000,115.480699,27.791221,143.271920,80.932617
247000,0.719761,0.281000,115.966869,27.846870,143.813739,81.209961
248000,0.718657,0.446000,116.431248,27.908605,144.339853,83.436523
249000,0.718799,0.754000,116.900172,28.056466,144.956638,80.592773
250000,0.717964,0.510000,117.320441,28.190319,145.510760,84.405273
251000,0.718956,0.967000,117.792698,28.301424,146.094122,82.959961
252000,0.719591,0.879000,118.179017,28.391967,146.570984,84.948242
253000,0.719783,0.768000,118.656752,28.463242,147.119994,83.866211
254000,0.720654,0.941000,119.120995,28.571668,147.692662,81.448242
255000,0.721659,0.977000,119.503586,28.665353,148.168940,83.444336
256000,0.721680,0.727000,119.897129,28.729807,148.626935,81.295898
257000,0.719969,0.282000,120.353338,28.860563,149.213900,85.377930
258000,0.720740,0.919000,120.839307,28.973710,149.813017,84.862305
259000,0.721386,0.888000,121.329499,29.088353,150.417852,84.948242
260000,0.722219,0.938000,121.795229,29.199926,150.995156,84.381836
261000,0.722709,0.850000,122.284579,29.315438,151.600016,84.405273
262000,0.722939,0.783000,122.758827,29.430934,152.189761,84.405273
263000,0.723764,0.940000,123.248029,29.548786,152.796815,83.834961
264000,0.724398,0.891000,123.707381,29.659473,153.366854,82.354492
265000,0.724272,0.691000,124.194777,29.725839,153.920616,78.131836
266000,0.723635,0.555000,124.627401,29.813876,154.441277,81.362305
267000,0.722386,0.390000,125.094492,29.959799,155.054291,78.983398
268000,0.720317,0.168000,125.558365,30.088900,155.647265,85.346680
269000,0.720970,0.896000,126.016181,30.199880,156.216062,84.893555
270000,0.721578,0.885000,126.487861,30.315350,156.803211,84.381836
271000,0.722303,0.918000,126.965445,30.430348,157.395793,83.834961
272000,0.722761,0.847000,127.442404,30.546219,157.988623,84.350586
273000,0.722879,0.755000,127.929559,30.612916,158.542475,83.866211
274000,0.723588,0.917000,128.408660,30.728688,159.137348,83.385742
275000,0.724269,0.911000,128.880749,30.839045,159.719794,83.350586
276000,0.724851,0.885000,129.356260,30.986660,160.342920,81.389648
277000,0.723560,0.367000,129.824626,31.122937,160.947563,85.319336
278000,0.724281,0.924000,130.308838,31.240944,161.549782,83.920898
279000,0.725000,0.925000,130.795329,31.351308,162.146637,66.483398
280000,0.722579,0.047000,131.237045,31.416815,162.653860,82.897461
281000,0.722580,0.723000,131.719659,31.560661,163.280320,82.928711
282000,0.722801,0.785000,132.196039,31.709076,163.905116,82.389648
283000,0.722622,0.672000,132.655778,31.855692,164.511470,48.256836
284000,0.720419,0.097000,133.101994,31.978195,165.080189,84.893555
285000,0.720926,0.865000,133.592707,32.088175,165.680882,80.659180
286000,0.720238,0.524000,134.039016,32.156562,166.195578,74.584961
287000,0.718021,0.084000,134.471569,32.283890,166.755460,84.893555
288000,0.718747,0.927000,134.958231,32.391897,167.350128,83.413086
289000,0.719495,0.935000,135.422353,32.496609,167.918962,78.846680
290000,0.718931,0.556000,135.869683,32.648316,168.517998,85.401367
291000,0.719787,0.968000,136.330919,32.754602,169.085521,83.866211
292000,0.720277,0.863000,136.796644,32.862782,169.659426,82.358398
293000,0.720491,0.783000,137.253243,33.012601,170.265844,85.377930
294000,0.721340,0.970000,137.731856,33.120291,170.852147,83.866211
295000,0.722186,0.971000,138.200768,33.229369,171.430137,79.737305
296000,0.721176,0.423000,138.648070,33.297433,171.945503,69.858398
297000,0.719010,0.078000,139.102552,33.400504,172.503056,84.381836
298000,0.719664,0.914000,139.573517,33.508576,173.082093,81.901367
299000,0.719732,0.740000,140.016730,33.615169,173.631899,81.420898
300000,0.718950,0.485000,140.469516,33.764978,174.234494,84.948242
301000,0.719797,0.974000,140.945358,33.875594,174.820952,82.897461
302000,0.719791,0.718000,141.394520,33.981808,175.376328,82.358398
303000,0.719030,0.489000,141.845804,34.130968,175.976771,74.069336
304000,0.716727,0.019000,142.294003,34.249458,176.543461,84.893555
305000,0.717046,0.814000,142.764208,34.358826,177.123034,83.952148
306000,0.717614,0.891000,143.231062,34.428399,177.659461,81.444336
307000,0.716808,0.470000,143.685668,34.535669,178.221337,82.331055
308000,0.716718,0.689000,144.138933,34.680977,178.819910,85.405273
309000,0.717566,0.979000,144.602852,34.791672,179.394525,85.432617
310000,0.718245,0.928000,145.089469,34.905641,179.995111,83.952148
311000,0.718862,0.910000,145.560981,35.017179,180.578160,80.819336
312000,0.718061,0.469000,146.028345,35.081651,181.109996,82.389648
313000,0.717393,0.509000,146.475184,35.232993,181.708177,85.405273
314000,0.717924,0.884000,146.941732,35.340818,182.282550,84.893555
315000,0.718568,0.921000,147.395820,35.447959,182.843780,82.381836
316000,0.718418,0.671000,147.871235,35.566569,183.437804,79.295898
317000,0.717461,0.415000,148.321822,35.630230,183.952052,82.327148
318000,0.717730,0.803000,148.761788,35.789280,184.551068,85.377930
319000,0.718495,0.962000,149.235444,35.898490,185.133934,84.893555
320000,0.719263,0.964000,149.704591,36.014843,185.719434,83.803711
321000,0.719860,0.911000,150.164646,36.126694,186.291340,82.354492
322000,0.720121,0.804000,150.619019,36.242392,186.861411,82.291992
323000,0.720498,0.842000,151.063650,36.390926,187.454575,85.346680
324000,0.721207,0.950000,151.520510,36.505539,188.026048,84.862305
325000,0.721889,0.943000,151.989609,36.618842,188.608450,84.319336
326000,0.722534,0.932000,152.476672,36.727419,189.204091,83.866211
327000,0.722826,0.818000,152.947903,36.838772,189.786676,82.920898
328000,0.723064,0.801000,153.430913,36.947333,190.378246,80.870117
329000,0.722331,0.482000,153.872980,37.010567,190.883547,82.354492
330000,0.721776,0.539000,154.334114,37.154457,191.488571,81.385742
331000,0.720447,0.282000,154.772086,37.299451,192.071537,85.377930
332000,0.721166,0.959000,155.236317,37.414340,192.650658,84.885742
333000,0.721928,0.975000,155.719816,37.526884,193.246701,84.381836
334000,0.722476,0.905000,156.187443,37.638926,193.826369,83.866211
335000,0.722875,0.856000,156.700159,37.749191,194.449350,81.588867
336000,0.722125,0.471000,157.166037,37.853850,195.019888,78.315430
337000,0.720338,0.120000,157.606889,37.954785,195.561673,82.268555
338000,0.720518,0.781000,158.069309,38.103936,196.173245,78.858398
339000,0.719059,0.226000,158.528834,38.242899,196.771733,84.948242
340000,0.719753,0.955000,159.003330,38.360739,197.364069,83.350586
341000,0.720161,0.859000,159.478168,38.435352,197.913520,82.381836
342000,0.719863,0.618000,159.953919,38.546920,198.500838,82.870117
343000,0.719286,0.522000,160.429772,38.706300,199.136072,80.041992
344000,0.717672,0.164000,160.901943,38.841439,199.743382,79.159180
345000,0.716264,0.232000,161.365808,38.981201,200.347009,85.346680
346000,0.716772,0.892000,161.840378,39.095007,200.935385,84.803711
347000,0.717274,0.891000,162.321161,39.204691,201.525853,83.866211
348000,0.717753,0.884000,162.822394,39.319115,202.141509,83.381836
349000,0.717971,0.794000,163.311100,39.435963,202.747063,82.920898
350000,0.717669,0.612000,163.800191,39.553071,203.353262,81.354492
351000,0.717419,0.630000,164.275058,39.616191,203.891249,82.436523
352000,0.717730,0.827000,164.751715,39.681987,204.433702,81.987305
353000,0.717340,0.580000,165.234160,39.747213,204.981373,78.319336
354000,0.716158,0.299000,165.700108,39.810053,205.510161,82.358398
355000,0.716115,0.701000,166.179083,39.956974,206.136057,81.331055
356000,0.716087,0.706000,166.671079,40.102734,206.773812,79.956055
357000,0.714739,0.235000,167.158539,40.242933,207.401472,79.100586
358000,0.713148,0.145000,167.632227,40.377908,208.010135,84.893555
359000,0.713811,0.951000,168.102492,40.496056,208.598549,84.405273
360000,0.714281,0.883000,168.565374,40.605151,209.170525,83.381836
361000,0.714629,0.840000,169.050990,40.719169,209.770159,82.928711
362000,0.713624,0.351000,169.448429,40.786442,210.234871,85.889648
363000,0.714347,0.976000,169.899484,40.888993,210.788477,82.331055
364000,0.712698,0.114000,170.360795,41.020056,211.380850,85.377930
365000,0.713337,0.946000,170.820951,41.127632,211.948583,84.409180
366000,0.713921,0.927000,171.288743,41.235028,212.523770,82.354492
367000,0.714259,0.838000,171.744534,41.378660,213.123194,85.405273
368000,0.714954,0.970000,172.212585,41.492239,213.704824,84.374023
369000,0.715564,0.940000,172.680946,41.602493,214.283439,79.053711
370000,0.716257,0.972000,173.056910,41.671125,214.728034,83.499023
371000,0.716941,0.970000,173.444469,41.741045,215.185515,84.522461
372000,0.715753,0.275000,173.924710,41.830384,215.755094,83.897461
373000,0.716067,0.833000,174.407993,41.946274,216.354267,83.584961
374000,0.715449,0.485000,174.867887,42.008127,216.876014,82.866211
375000,0.715909,0.888000,175.302433,42.080378,217.382811,85.889648
376000,0.716604,0.977000,175.710557,42.177453,217.888011,80.444336
377000,0.717098,0.903000,176.096544,42.323950,218.420494,76.885742
378000,0.717521,0.877000,176.479670,42.396593,218.876262,81.444336
379000,0.717847,0.841000,176.951244,42.464249,219.415493,81.323242
380000,0.717313,0.515000,177.432329,42.611940,220.044269,81.327148
381000,0.716520,0.415000,177.920760,42.752311,220.673071,81.807617
382000,0.716343,0.649000,178.356024,42.898500,221.254523,84.893555
383000,0.717026,0.978000,178.854913,43.016931,221.871843,84.319336
384000,0.717365,0.847000,179.363084,43.147860,222.510944,84.350586
385000,0.718005,0.964000,179.875207,43.265552,223.140759,84.319336
386000,0.718422,0.879000,180.371145,43.387675,223.758820,84.374023
387000,0.719106,0.983000,180.813258,43.500186,224.313444,84.952148
388000,0.718657,0.545000,181.295230,43.597415,224.892645,79.807617
389000,0.718018,0.470000,181.814010,43.667237,225.481247,81.413086
390000,0.718200,0.789000,182.241574,43.774888,226.016462,85.108398
391000,0.718867,0.979000,182.656867,43.851314,226.508181,85.436523
392000,0.717995,0.377000,183.135211,43.951368,227.086579,83.803711
393000,0.718448,0.896000,183.632614,44.069505,227.702119,82.323242
394000,0.718437,0.714000,184.141454,44.144531,228.285984,82.014648
395000,0.717833,0.480000,184.655528,44.261821,228.917349,82.381836
396000,0.718010,0.788000,185.168404,44.378586,229.546990,83.319336
397000,0.718106,0.756000,185.674517,44.545237,230.219754,82.838867
398000,0.718339,0.811000,186.202551,44.704840,230.907391,82.956055
399000,0.718471,0.771000,186.675353,44.867125,231.542477,82.354492
400000,0.718522,0.739000,187.145334,45.017172,232.162506,81.416992
401000,0.717506,0.311000,187.610707,45.159923,232.770630,85.405273
402000,0.717938,0.891000,188.033705,45.275677,233.309382,84.350586
403000,0.718323,0.873000,188.508346,45.395350,233.903695,84.409180
404000,0.718728,0.882000,188.973680,45.514118,234.487798,84.319336
405000,0.719237,0.925000,189.463155,45.627898,235.091053,83.866211
406000,0.719586,0.861000,189.977099,45.749463,235.726561,83.866211
407000,0.720005,0.890000,190.480314,45.874029,236.354343,83.866211
408000,0.720265,0.826000,190.956735,45.988677,236.945412,83.889648
409000,0.720689,0.894000,191.447524,46.109958,237.557482,82.870117
410000,0.720354,0.583000,191.961600,46.225868,238.187468,79.866211
411000,0.719655,0.433000,192.457391,46.294129,238.751520,82.928711
412000,0.719294,0.571000,192.955006,46.451102,239.406108,81.299805
413000,0.718821,0.524000,193.444090,46.602444,240.046534,79.799805
414000,0.717594,0.211000,193.937983,46.736939,240.674921,85.346680
415000,0.718125,0.938000,194.421389,46.843404,241.264793,83.381836
416000,0.718274,0.780000,195.038754,46.959268,241.998022,82.924805
417000,0.718048,0.624000,195.593413,47.159886,242.753299,82.362305
418000,0.717986,0.692000,196.122532,47.304430,243.426962,81.170898
419000,0.716838,0.237000,196.593594,47.446252,244.039846,84.893555
420000,0.717395,0.951000,197.088976,47.556875,244.645851,82.295898
421000,0.717005,0.553000,197.555025,47.714683,245.269709,85.405273
422000,0.717540,0.943000,198.021636,47.824311,245.845948,83.897461
423000,0.717976,0.902000,198.500241,47.940559,246.440800,82.358398
424000,0.717262,0.415000,198.958975,48.102799,247.061774,85.377930
425000,0.717758,0.928000,199.459917,48.218045,247.677963,82.952148
426000,0.718333,0.963000,199.968762,48.333832,248.302594,82.901367
427000,0.718639,0.849000,200.415963,48.497892,248.913856,85.405273
428000,0.719164,0.943000,200.933638,48.605288,249.538926,83.897461
429000,0.719503,0.865000,201.431059,48.719810,250.150870,81.870117
430000,0.719465,0.703000,201.920363,48.869707,250.790070,85.377930
431000,0.720053,0.973000,202.392833,48.985192,251.378025,84.374023
432000,0.720414,0.876000,202.912164,49.103108,252.015272,81.202148
433000,0.720016,0.548000,203.385864,49.174427,252.560291,79.127930
434000,0.718862,0.219000,203.887466,49.318379,253.205845,84.893555
435000,0.719393,0.950000,204.399670,49.439057,253.838727,83.897461
436000,0.719672,0.841000,204.902006,49.561719,254.463725,81.866211
437000,0.719245,0.533000,205.407367,49.627685,255.035053,82.327148
438000,0.719416,0.794000,205.883446,49.787463,255.670908,85.405273
439000,0.720000,0.976000,206.463115,49.926224,256.389339,84.893555
440000,0.720511,0.945000,206.964875,50.113318,257.078194,82.354492
441000,0.720540,0.733000,207.425835,50.224755,257.650590,85.459961
442000,0.721102,0.969000,207.929727,50.347649,258.277375,84.893555
443000,0.721503,0.899000,208.432770,50.463815,258.896585,83.897461
444000,0.722034,0.957000,208.931984,50.585903,259.517886,74.920898
445000,0.720598,0.083000,209.423578,50.677650,260.101228,81.358398
446000,0.720128,0.511000,209.924981,50.832693,260.757674,85.377930
447000,0.720696,0.974000,210.432575,50.956546,261.389122,84.893555
448000,0.721158,0.928000,210.941981,51.080234,262.022215,82.866211
449000,0.721494,0.872000,211.438817,51.161653,262.600470,82.331055
450000,0.721578,0.759000,211.935904,51.325767,263.261671,75.022461
451000,0.720457,0.216000,212.471198,51.373535,263.844733,84.948242
452000,0.720971,0.953000,212.964188,51.493370,264.457559,83.405273
453000,0.721353,0.894000,213.464081,51.610593,265.074675,66.030273
454000,0.719800,0.016000,213.950355,51.675418,265.625773,82.354492
455000,0.719982,0.803000,214.431396,51.827002,266.258398,85.377930
456000,0.720467,0.941000,214.934230,51.939402,266.873633,84.862305
457000,0.720930,0.932000,215.431891,52.056868,267.488759,82.381836
458000,0.721135,0.815000,215.918873,52.129296,268.048168,82.358398
459000,0.720819,0.576000,216.383552,52.307775,268.691328,85.405273
460000,0.721207,0.899000,216.899947,52.427623,269.327570,84.920898
461000,0.721625,0.914000,217.410556,52.549165,269.959722,82.897461
462000,0.721890,0.844000,217.914272,52.666616,270.580888,79.983398
463000,0.721218,0.411000,218.429766,52.737671,271.167437,82.299805
464000,0.721571,0.885000,218.922865,52.897331,271.820195,81.842773
465000,0.721284,0.588000,219.571792,53.094893,272.666686,73.877930
466000,0.719758,0.010000,220.097658,53.262908,273.360565,85.370117
467000,0.720163,0.909000,220.612634,53.386487,273.999121,84.893555
468000,0.720562,0.907000,221.132080,53.503305,274.635385,84.288086
469000,0.720966,0.910000,221.609836,53.620736,275.230572,82.920898
470000,0.721294,0.875000,222.118811,53.694902,275.813713,82.381836
471000,0.721671,0.899000,222.631824,53.813389,276.445213,81.620117
472000,0.721350,0.570000,223.103671,53.917827,277.021498,81.901367
473000,0.720660,0.395000,223.740636,54.077977,277.818614,79.069336
474000,0.719540,0.190000,224.258452,54.265216,278.523668,85.350586
475000,0.719912,0.896000,224.751381,54.377877,279.129259,84.858398
476000,0.720355,0.931000,225.257266,54.499721,279.756987,83.803711
477000,0.720667,0.869000,225.759601,54.615931,280.375532,80.842773
478000,0.720282,0.537000,226.228327,54.686945,280.915271,81.815430
479000,0.719948,0.560000,226.698022,54.838911,281.536933,81.241211
480000,0.718962,0.247000,227.176661,54.983489,282.160150,76.420898
481000,0.717767,0.144000,227.633474,55.123526,282.757000,85.315430
482000,0.718272,0.961000,228.109698,55.236593,283.346291,83.897461
483000,0.718497,0.827000,228.593373,55.347528,283.940901,82.870117
484000,0.718669,0.802000,229.099678,55.469900,284.569578,81.897461
485000,0.718278,0.529000,229.608147,55.583723,285.191869,82.354492
486000,0.718243,0.701000,230.106175,55.703556,285.809731,82.467773
487000,0.718257,0.725000,230.589536,55.774499,286.364035,81.264648
488000,0.717705,0.449000,231.084232,55.884924,286.969156,12.548828
489000,0.718008,0.866000,231.561769,55.910515,287.472284,82.295898
490000,0.717669,0.552000,232.048778,56.070540,288.119318,81.327148
491000,0.717022,0.400000,232.671742,56.219574,288.891316,85.377930
492000,0.717496,0.950000,233.276113,56.334798,289.610910,84.862305
493000,0.717819,0.877000,233.756866,56.457366,290.214232,84.409180
494000,0.718186,0.899000,234.244284,56.570263,290.814547,84.885742
495000,0.718592,0.919000,234.814257,56.683330,291.497587,84.436523
496000,0.718893,0.868000,235.342658,56.804603,292.147261,83.350586
497000,0.719175,0.859000,235.852471,56.919715,292.772187,83.413086
498000,0.719608,0.935000,236.355773,57.039507,293.395280,82.866211
499000,0.719621,0.726000,236.863145,57.113664,293.976809,76.815430
500000,0.718722,0.270000,237.302461,57.181155,294.483615,85.405273
501000,0.719251,0.984000,237.724873,57.285179,295.010052,49.315430
502000,0.718155,0.169000,238.210964,57.403777,295.614741,84.893555
503000,0.718586,0.935000,238.718272,57.526341,296.244613,84.319336
504000,0.719069,0.962000,239.161462,57.635281,296.796743,81.385742
505000,0.718661,0.513000,239.656193,57.702105,297.358299,78.354492
506000,0.717787,0.276000,240.099334,57.765130,297.864463,85.889648
507000,0.717890,0.770000,240.592396,57.882588,298.474984,84.420898
508000,0.718417,0.986000,240.997826,57.983113,298.980939,84.467773
509000,0.717772,0.390000,241.484290,58.048014,299.532304,82.405273
510000,0.717698,0.680000,241.994883,58.120144,300.115027,81.502930
511000,0.716845,0.282000,242.480122,58.216916,300.697038,82.870117
512000,0.717078,0.836000,242.883390,58.379366,301.262757,80.444336
513000,0.715756,0.039000,243.333079,58.505425,301.838504,85.377930
514000,0.716175,0.931000,243.787490,58.581797,302.369287,81.991211
515000,0.716660,0.966000,244.266417,58.696357,302.962775,81.991211
516000,0.717134,0.961000,244.736176,58.797614,303.533789,81.237305
517000,0.716754,0.521000,245.176769,58.863019,304.039788,78.190430
518000,0.717081,0.886000,245.629115,59.008597,304.637711,84.440430
519000,0.717597,0.985000,246.082345,59.127617,305.209962,83.956055
520000,0.718033,0.944000,246.554562,59.239811,305.794372,84.502930
521000,0.718551,0.988000,247.017251,59.357523,306.374774,84.049805
522000,0.719088,0.999000,247.466867,59.465604,306.932471,83.346680
523000,0.719577,0.975000,247.912488,59.573389,307.485878,69.428711
524000,0.719973,0.927000,248.315567,59.655778,307.971345,84.374023
525000,0.720419,0.954000,248.764149,59.757573,308.521722,79.784180
526000,0.720471,0.748000,249.185514,59.858939,309.044453,66.256836
527000,0.719793,0.363000,249.624691,59.964636,309.589327,84.010742
528000,0.720280,0.977000,250.081406,60.070027,310.151433,81.834961
529000,0.720648,0.915000,250.472628,60.171210,310.643838,85.014648
530000,0.721058,0.938000,250.898439,60.242522,311.140961,82.959961
531000,0.721512,0.962000,251.358930,60.354161,311.713091,82.022461
532000,0.721983,0.972000,251.813156,60.470919,312.284074,82.959961
533000,0.722458,0.975000,252.272506,60.580450,312.852956,82.959961
534000,0.722828,0.920000,252.690996,60.681317,313.372313,79.471680
535000,0.723153,0.897000,253.126839,60.833157,313.959995,83.956055
536000,0.723588,0.956000,253.581921,60.940663,314.522584,40.694336
537000,0.722732,0.264000,253.993808,60.999160,314.992969,84.467773
538000,0.723130,0.937000,254.448520,61.069384,315.517904,79.842773
539000,0.723443,0.892000,254.868134,61.173793,316.041927,84.467773
540000,0.723950,0.997000,255.298054,61.277467,316.575521,82.530273
541000,0.724453,0.996000,255.743423,61.385115,317.128539,80.471680
542000,0.724731,0.875000,256.152801,61.534593,317.687394,83.499023
543000,0.725223,0.992000,256.613752,61.647501,318.261253,82.959961
544000,0.725669,0.968000,257.068886,61.757192,318.826077,82.932617
545000,0.726161,0.994000,257.532233,61.871489,319.403722,83.499023
546000,0.726592,0.961000,257.993001,61.985815,319.978816,83.444336
547000,0.727033,0.968000,258.445921,62.113410,320.559331,83.053711
548000,0.727396,0.926000,258.886390,62.217752,321.104142,79.413086
549000,0.727579,0.828000,259.282136,62.365792,321.647927,83.924805
550000,0.727953,0.933000,259.679633,62.465001,322.144634,81.389648
551000,0.728405,0.977000,260.079536,62.603897,322.683434,84.436523
552000,0.728795,0.944000,260.492539,62.711309,323.203848,82.319336
553000,0.729206,0.956000,260.871173,62.807027,323.678200,84.858398
554000,0.729583,0.938000,261.269218,62.872040,324.141258,83.374023
555000,0.729946,0.931000,261.682458,62.969983,324.652441,80.838867
556000,0.730369,0.965000,262.092809,63.075289,325.168098,75.784180
557000,0.730433,0.766000,262.512295,63.218349,325.730645,83.436523
558000,0.730799,0.935000,262.912390,63.318892,326.231282,79.409180
559000,0.730605,0.622000,263.325445,63.451218,326.776663,83.959961
560000,0.730909,0.901000,263.762146,63.562157,327.324303,83.444336
561000,0.731364,0.986000,264.196466,63.669405,327.865871,83.014648
562000,0.731810,0.982000,264.626504,63.775884,328.402388,83.444336
563000,0.732245,0.977000,265.067954,63.882974,328.950928,83.444336
564000,0.732709,0.994000,265.502278,63.992970,329.495247,83.014648
565000,0.733133,0.972000,265.931283,64.099357,330.030641,82.834961
566000,0.733297,0.826000,266.327120,64.165215,330.492335,74.459961
567000,0.733280,0.724000,266.753435,64.308336,331.061771,83.897461
568000,0.733572,0.899000,267.167515,64.409187,331.576703,80.327148
569000,0.733917,0.930000,267.540092,64.507177,332.047269,84.647461
570000,0.734189,0.889000,267.935301,64.575616,332.510916,82.952148
571000,0.734545,0.937000,268.344263,64.642026,332.986289,81.424805
572000,0.734295,0.592000,268.756214,64.785227,333.541441,84.495117
573000,0.734742,0.990000,269.182183,64.881466,334.063649,81.959961
574000,0.735103,0.942000,269.557602,64.951324,334.508926,84.467773
575000,0.735471,0.947000,269.951498,65.058383,335.009881,83.444336
576000,0.735814,0.933000,270.361444,65.124073,335.485517,80.502930
577000,0.736184,0.949000,270.760194,65.268685,336.028879,84.377930
578000,0.736524,0.933000,271.189446,65.369578,336.559024,81.389648
579000,0.736589,0.774000,271.578963,65.506983,337.085945,84.440430
580000,0.736922,0.930000,271.992568,65.577871,337.570438,81.983398
581000,0.736449,0.462000,272.443719,65.641139,338.084859,81.483398
582000,0.736632,0.843000,272.933905,65.791589,338.725494,80.999023
583000,0.736899,0.892000,273.396890,65.938354,339.335244,81.452148
584000,0.737255,0.945000,273.861643,66.082496,339.944139,79.596680
585000,0.737504,0.883000,274.343674,66.233620,340.577294,84.073242
586000,0.737918,0.980000,274.798832,66.352750,341.151582,84.073242
587000,0.738358,0.996000,275.263499,66.468021,341.731520,84.041992
588000,0.738765,0.978000,275.715730,66.583831,342.299561,83.565430
589000,0.739175,0.980000,276.185957,66.698818,342.884775,84.534180
590000,0.739559,0.966000,276.635310,66.810315,343.445625,84.104492
591000,0.739898,0.940000,277.103289,66.929841,344.033130,84.018555
592000,0.740334,0.998000,277.563443,67.040398,344.603841,83.987305
593000,0.740732,0.976000,278.028097,67.153446,345.181544,83.416992
594000,0.741145,0.986000,278.488388,67.265452,345.753840,83.565430
595000,0.741524,0.967000,278.942477,67.410101,346.352578,84.502930
596000,0.741861,0.942000,279.383108,67.521420,346.904528,83.538086
597000,0.742278,0.991000,279.836411,67.632494,347.468905,83.538086
598000,0.742671,0.977000,280.268845,67.739080,348.007925,83.053711
599000,0.743062,0.977000,280.702560,67.849277,348.551837,81.026367
600000,0.743393,0.942000,281.132992,67.950981,349.083974,79.659180
601000,0.743481,0.796000,281.598046,68.104527,349.702574,79.600586
602000,0.743752,0.907000,282.047301,68.257844,350.305145,84.081055
603000,0.744146,0.981000,282.504449,68.366952,350.871401,83.053711
604000,0.744469,0.939000,282.961173,68.476376,351.437549,81.600586
605000,0.744770,0.927000,283.420056,68.544414,351.964469,78.545898
606000,0.745028,0.901000,283.885321,68.655289,352.540610,12.548828
607000,0.745282,0.899000,284.349281,68.679978,353.029259,81.514648
608000,0.745268,0.737000,284.807811,68.830507,353.638318,81.514648
609000,0.745343,0.791000,285.271038,68.980692,354.251730,81.963867
610000,0.745682,0.952000,285.733291,69.123102,354.856393,81.483398
611000,0.746080,0.989000,286.195654,69.275837,355.471491,81.483398
612000,0.746304,0.883000,286.662642,69.422959,356.085601,81.483398
613000,0.746475,0.851000,287.112351,69.572165,356.684515,80.514648
614000,0.746702,0.886000,287.569593,69.720085,357.289678,80.487305
615000,0.746972,0.913000,288.023913,69.872520,357.896433,78.190430
616000,0.747081,0.814000,288.464297,70.023246,358.487543,84.502930
617000,0.747454,0.977000,288.928063,70.133220,359.061283,84.018555
618000,0.747812,0.969000,289.381843,70.249169,359.631012,83.053711
619000,0.748208,0.993000,289.830926,70.362198,360.193124,81.928711
620000,0.748539,0.953000,290.279004,70.469879,360.748884,80.483398
621000,0.748317,0.611000,290.690479,70.609446,361.299926,84.526367
622000,0.748650,0.955000,291.137811,70.718680,361.856491,82.592773
623000,0.748973,0.950000,291.560987,70.829185,362.390172,79.596680
624000,0.748497,0.452000,292.015100,70.978602,362.993703,84.022461
625000,0.748838,0.962000,292.474071,71.086194,363.560265,82.475586
626000,0.749102,0.914000,292.892163,71.158030,364.050193,82.053711
627000,0.749431,0.955000,293.286316,71.312722,364.599038,84.471680
628000,0.749734,0.940000,293.684168,71.384633,365.068801,77.647461
629000,0.750021,0.930000,294.074668,71.452841,365.527509,84.499023
630000,0.750294,0.922000,294.474549,71.525193,365.999742,82.983398
631000,0.750609,0.949000,294.895049,71.599020,366.494069,81.420898
632000,0.750766,0.850000,295.294668,71.750885,367.045553,84.495117
633000,0.751070,0.943000,295.711068,71.823937,367.535004,71.045898
634000,0.750054,0.107000,296.084361,71.899962,367.984323,84.467773
635000,0.750372,0.952000,296.469537,72.001991,368.471528,75.784180
636000,0.750376,0.753000,296.881116,72.137807,369.018922,82.952148
637000,0.750662,0.933000,297.292367,72.211421,369.503788,84.952148
638000,0.750975,0.950000,297.721624,72.318455,370.040079,81.506836
639000,0.751250,0.927000,298.122481,72.386762,370.509242,74.264648
640000,0.751150,0.687000,298.561971,72.513985,371.075956,82.991211
641000,0.751505,0.979000,298.985564,72.613767,371.599331,81.483398
642000,0.751866,0.983000,299.381881,72.764015,372.145896,84.471680
643000,0.752240,0.992000,299.814223,72.865319,372.679542,82.448242
644000,0.752520,0.933000,300.213731,72.936949,373.150680,81.452148
645000,0.751812,0.296000,300.594120,73.080816,373.674936,84.502930
646000,0.752122,0.952000,300.998353,73.152948,374.151301,81.385742
647000,0.751444,0.313000,301.401791,73.297978,374.699769,83.401367
648000,0.751758,0.955000,301.814485,73.391615,375.206100,78.041992
649000,0.751861,0.819000,302.235383,73.533815,375.769198,83.436523
650000,0.751968,0.821000,302.673548,73.637728,376.311275,81.573242
651000,0.751459,0.421000,303.113675,73.781445,376.895120,81.545898
652000,0.751624,0.859000,303.519372,73.925870,377.445242,84.502930
653000,0.751812,0.874000,303.941764,74.027681,377.969445,81.541992
654000,0.752083,0.929000,304.350348,74.172233,378.522581,84.499023
655000,0.752437,0.984000,304.774909,74.283296,379.058205,83.045898
656000,0.752684,0.915000,305.214673,74.347655,379.562328,81.456055
657000,0.752750,0.796000,305.620543,74.493658,380.114200,84.502930
658000,0.753109,0.989000,306.060305,74.592176,380.652480,82.561523
659000,0.753457,0.982000,306.475658,74.697203,381.172861,12.548828
660000,0.753730,0.934000,306.880530,74.721544,381.602075,12.548828
661000,0.753077,0.322000,307.308831,74.745102,382.053933,83.444336
662000,0.753434,0.989000,307.755405,74.848720,382.604125,80.932617
663000,0.753694,0.926000,308.151637,74.919327,383.070963,49.346680
664000,0.753474,0.608000,308.561748,75.055314,383.617063,83.444336
665000,0.753749,0.936000,308.982341,75.125101,384.107442,81.452148
666000,0.754051,0.955000,309.374194,75.274816,384.649010,84.983398
667000,0.754327,0.938000,309.772931,75.343799,385.116730,82.022461
668000,0.754641,0.964000,310.166542,75.447152,385.613694,84.983398
669000,0.754934,0.951000,310.589936,75.518385,386.108320,82.959961
670000,0.755257,0.971000,311.010052,75.617347,386.627399,79.502930
671000,0.755241,0.745000,311.415073,75.764133,387.179206,83.022461
672000,0.755594,0.992000,311.817855,75.866799,387.684654,81.456055
673000,0.755936,0.986000,312.209074,76.010591,388.219664,84.471680
674000,0.756282,0.989000,312.623880,76.109760,388.733640,82.475586
675000,0.756548,0.936000,313.030981,76.179808,389.210788,79.530273
676000,0.756607,0.796000,313.440060,76.319926,389.759986,84.495117
677000,0.756880,0.942000,313.864269,76.386249,390.250517,82.991211
678000,0.757143,0.935000,314.273971,76.454554,390.728525,81.479492
679000,0.757389,0.924000,314.666537,76.602206,391.268743,84.530273
680000,0.757697,0.967000,315.089078,76.703687,391.792765,83.045898
681000,0.757987,0.955000,315.498468,76.808987,392.307455,81.452148
682000,0.758311,0.979000,315.892256,76.949536,392.841792,84.346680
683000,0.758545,0.918000,316.314232,77.016333,393.330565,69.338867
684000,0.758520,0.742000,316.713547,77.092710,393.806257,83.916992
685000,0.758799,0.949000,317.136780,77.193062,394.329843,74.256836
686000,0.759029,0.917000,317.527114,77.261855,394.788969,84.401367
687000,0.759322,0.960000,317.960630,77.359777,395.320407,80.811523
688000,0.759629,0.971000,318.377424,77.462483,395.839908,84.370117
689000,0.759890,0.939000,318.793288,77.561271,396.354559,81.331055
690000,0.760167,0.951000,319.165553,77.712181,396.877735,84.401367
691000,0.760430,0.942000,319.586495,77.781964,397.368459,80.346680
692000,0.760504,0.812000,319.991864,77.933183,397.925047,83.432617
693000,0.760769,0.944000,320.421174,78.030155,398.451329,42.159180
694000,0.760994,0.917000,320.793673,78.090752,398.884425,84.655273
695000,0.761201,0.905000,321.212522,78.158285,399.370807,83.022461
696000,0.761533,0.992000,321.641857,78.258866,399.900723,81.483398
697000,0.761628,0.828000,322.014219,78.405589,400.419808,84.502930
698000,0.761864,0.926000,322.435624,78.474446,400.910070,82.991211
699000,0.762089,0.919000,322.846858,78.545494,401.392352,81.456055
700000,0.762039,0.727000,323.242438,78.692451,401.934889,83.893555
701000,0.762252,0.912000,323.661949,78.762364,402.424313,81.389648
702000,0.762264,0.770000,324.051792,78.908996,402.960789,83.956055
703000,0.762484,0.917000,324.473786,78.984595,403.458380,80.838867
704000,0.762705,0.918000,324.847371,79.086927,403.934298,84.467773
705000,0.762950,0.936000,325.268287,79.160137,404.428424,83.499023
706000,0.763224,0.956000,325.692553,79.260704,404.953258,72.713867
707000,0.763369,0.866000,326.112707,79.338941,405.451648,74.366211
708000,0.763174,0.625000,326.545338,79.488508,406.033846,84.010742
709000,0.763491,0.988000,326.989606,79.600395,406.590001,80.565430
710000,0.763723,0.928000,327.431050,79.673922,407.104972,79.569336
711000,0.763910,0.897000,327.860785,79.849245,407.710030,83.979492
712000,0.764204,0.973000,328.297780,79.958730,408.256510,80.534180
713000,0.764000,0.619000,328.718805,80.112065,408.830870,84.436523
714000,0.764220,0.921000,329.177829,80.217028,409.394857,81.506836
715000,0.764464,0.939000,329.592694,80.294950,409.887644,85.014648
716000,0.764749,0.968000,330.025310,80.399752,410.425062,82.991211
717000,0.764986,0.935000,330.732867,80.498770,411.231637,81.393555
718000,0.765255,0.958000,331.333894,80.836768,412.170662,84.073242
719000,0.765501,0.942000,331.739802,80.912471,412.652273,81.483398
720000,0.765750,0.945000,332.144554,81.069019,413.213573,84.471680
721000,0.766032,0.969000,332.574969,81.171045,413.746014,81.151367
722000,0.766248,0.922000,333.010053,81.241895,414.251948,80.428711
723000,0.766483,0.936000,333.469910,81.398025,414.867935,83.530273
724000,0.766787,0.987000,333.921081,81.508310,415.429391,81.483398
725000,0.767012,0.930000,334.337675,81.659263,415.996939,84.018555
726000,0.767230,0.925000,334.793556,81.726709,416.520265,81.897461
727000,0.767506,0.968000,335.201170,81.829059,417.030229,77.971680
728000,0.767541,0.793000,335.628934,81.977488,417.606422,83.077148
729000,0.767761,0.928000,336.040184,82.080198,418.120382,78.163086
730000,0.767823,0.813000,336.436886,82.225917,418.662803,84.041992
731000,0.768049,0.933000,336.865122,82.333711,419.198833,80.499023
732000,0.768105,0.809000,337.293416,82.485992,419.779409,83.502930
733000,0.768392,0.978000,337.731602,82.585892,420.317494,75.241211
734000,0.768463,0.821000,338.149107,82.657755,420.806862,84.502930
735000,0.768770,0.994000,338.609183,82.762606,421.371789,76.666992
736000,0.768970,0.916000,339.034339,82.862965,421.897303,84.346680
737000,0.769204,0.941000,339.573236,82.971240,422.544475,80.354492
738000,0.769412,0.923000,339.995395,83.060632,423.056027,84.463867
739000,0.769647,0.943000,340.435536,83.135910,423.571446,81.413086
740000,0.769828,0.904000,340.846913,83.239210,424.086123,84.530273
741000,0.770136,0.998000,341.297153,83.347824,424.644977,81.963867
742000,0.770354,0.932000,341.740980,83.424871,425.165851,50.897461
743000,0.770498,0.877000,342.155090,83.576407,425.731497,83.444336
744000,0.770730,0.943000,342.583139,83.648881,426.232020,81.452148
745000,0.770996,0.969000,342.976258,83.801853,426.778111,84.553711
746000,0.771233,0.948000,343.409280,83.868772,427.278052,81.538086
747000,0.771459,0.940000,343.818285,83.941039,427.759325,79.655273
748000,0.771557,0.845000,344.253826,84.091692,428.345519,83.526367
749000,0.771832,0.977000,344.695376,84.200144,428.895520,82.475586
750000,0.772036,0.925000,345.163746,84.271864,429.435611,80.502930
751000,0.772165,0.869000,345.616572,84.518080,430.134652,84.471680
752000,0.772444,0.982000,346.072163,84.623984,430.696147,82.991211
753000,0.772660,0.935000,346.497445,84.711267,431.208713,80.502930
754000,0.772808,0.884000,346.932138,84.868294,431.800432,84.471680
755000,0.772714,0.702000,347.402790,84.966282,432.369072,83.350586
756000,0.772967,0.964000,347.930164,85.083367,433.013531,81.834961
757000,0.772560,0.465000,348.452986,85.202172,433.655158,82.920898
758000,0.772632,0.827000,348.967665,85.278358,434.246023,83.350586
759000,0.772718,0.838000,349.456426,85.418284,434.874710,78.284180
760000,0.771838,0.104000,349.944815,85.528762,435.473578,81.381836
761000,0.771523,0.532000,350.456565,85.639875,436.096441,81.385742
762000,0.771274,0.582000,350.925066,85.706720,436.631785,82.327148
763000,0.771284,0.779000,351.424134,85.865592,437.289726,81.842773
764000,0.771182,0.693000,351.892514,86.020504,437.913019,84.952148
765000,0.771476,0.996000,352.299635,86.117591,438.417227,77.252930
766000,0.770653,0.141000,352.755979,86.246844,439.002823,85.350586
767000,0.770838,0.913000,353.278111,86.375317,439.653428,47.151367
768000,0.770845,0.776000,353.688978,86.508352,440.197330,80.608398
769000,0.771114,0.978000,354.102047,86.605819,440.707867,84.920898
770000,0.770590,0.367000,354.584680,86.673641,441.258321,82.897461
771000,0.770599,0.778000,355.089791,86.743574,441.833365,83.381836
772000,0.770749,0.886000,355.595904,86.865416,442.461320,81.924805
773000,0.770554,0.620000,356.098344,86.979647,443.077991,80.784180
774000,0.770043,0.375000,356.590856,87.091360,443.682216,83.405273
775000,0.770041,0.769000,357.089332,87.253029,444.342361,82.901367
776000,0.769701,0.506000,357.590124,87.416261,445.006385,82.354492
777000,0.769315,0.470000,358.087789,87.573315,445.661104,82.893555
778000,0.769343,0.791000,358.574884,87.725295,446.300179,80.842773
779000,0.768733,0.294000,359.083003,87.869094,446.952097,78.971680
780000,0.768640,0.696000,359.515397,88.025254,447.540650,74.959961
781000,0.767732,0.060000,359.992930,88.099370,448.092300,77.084961
782000,0.767129,0.296000,360.483701,88.162099,448.645800,83.405273
783000,0.767179,0.806000,360.985119,88.320470,449.305588,82.952148
784000,0.767343,0.896000,361.477453,88.469582,449.947035,81.323242
785000,0.766880,0.404000,361.985467,88.612351,450.597819,81.272461
786000,0.766178,0.215000,362.465038,88.752162,451.217200,79.983398
787000,0.765437,0.183000,362.953911,88.895735,451.849646,85.432617
788000,0.765679,0.956000,363.432486,89.022309,452.454795,84.948242
789000,0.765845,0.897000,363.921143,89.147103,453.068246,84.381836
790000,0.765976,0.869000,364.404230,89.261564,453.665794,84.319336
791000,0.766138,0.894000,364.887388,89.375421,454.262809,83.381836
792000,0.766136,0.765000,365.368586,89.495950,454.864537,81.897461
793000,0.765887,0.568000,365.854473,89.563599,455.418072,80.838867
794000,0.765283,0.287000,366.346835,89.670284,456.017118,75.784180
795000,0.764712,0.311000,366.806586,89.736879,456.543465,82.323242
796000,0.764302,0.438000,367.262591,89.879708,457.142299,84.893555
797000,0.764562,0.972000,367.740613,89.988779,457.729392,83.350586
798000,0.764716,0.887000,368.203765,90.097186,458.300951,82.874023
799000,0.764335,0.461000,368.659897,90.247453,458.907350,85.405273
800000,0.764578,0.958000,369.144800,90.367687,459.512487,83.897461
801000,0.764784,0.930000,369.635148,90.481241,460.116389,83.413086
802000,0.764914,0.869000,370.117570,90.601158,460.718729,82.413086
803000,0.765014,0.845000,370.599452,90.723204,461.322656,82.413086
804000,0.765113,0.845000,371.084874,90.834263,461.919137,82.416992
805000,0.764938,0.624000,371.510350,90.980281,462.490630,85.377930
806000,0.765115,0.908000,371.982633,91.054471,463.037104,83.920898
807000,0.765342,0.948000,372.449492,91.159299,463.608791,82.924805
808000,0.765001,0.490000,372.913458,91.306590,464.220048,78.909180
809000,0.764335,0.226000,373.347163,91.450857,464.798021,84.916992
810000,0.764515,0.910000,373.818814,91.559731,465.378546,80.557617
811000,0.764153,0.471000,374.249738,91.626296,465.876034,85.405273
812000,0.764427,0.987000,374.722107,91.733184,466.455292,82.444336
813000,0.764308,0.667000,375.151525,91.838926,466.990451,85.889648
814000,0.764571,0.979000,375.618246,91.940974,467.559220,84.436523
815000,0.764790,0.943000,376.082190,92.051983,468.134173,82.268555
816000,0.764543,0.563000,376.500411,92.201401,468.701812,85.405273
817000,0.764755,0.938000,376.983038,92.307209,469.290247,83.897461
818000,0.764919,0.899000,377.445360,92.413739,469.859099,81.471680
819000,0.764505,0.426000,377.903061,92.569094,470.472155,85.377930
820000,0.764733,0.951000,378.397042,92.686096,471.083138,83.413086
821000,0.764886,0.890000,378.856355,92.792845,471.649200,82.327148
822000,0.764953,0.820000,379.317563,92.948938,472.266501,85.377930
823000,0.765182,0.954000,379.802155,93.055816,472.857972,83.866211
824000,0.765255,0.825000,380.289392,93.176261,473.465653,79.772461
825000,0.764800,0.390000,380.736246,93.242476,473.978722,79.069336
826000,0.764067,0.159000,381.200807,93.380963,474.581770,84.834961
827000,0.764271,0.933000,381.679321,93.489720,475.169041,83.436523
828000,0.764388,0.861000,382.178148,93.594600,475.772748,79.295898
829000,0.763622,0.130000,382.615389,93.690232,476.305621,80.846680
830000,0.762936,0.194000,383.076644,93.826444,476.903088,85.377930
831000,0.763183,0.968000,383.558279,93.937751,477.496030,83.405273
832000,0.763325,0.881000,384.050617,94.008043,478.058660,81.928711
833000,0.763048,0.533000,384.542396,94.114552,478.656947,70.702148
834000,0.762388,0.213000,384.991474,94.176046,479.167520,79.065430
835000,0.761721,0.205000,385.461456,94.308621,479.770076,84.948242
836000,0.761940,0.945000,385.932368,94.419265,480.351633,83.381836
837000,0.762098,0.894000,386.380911,94.495001,480.875912,80.346680
838000,0.761712,0.439000,386.853400,94.637986,481.491385,84.893555
839000,0.761893,0.913000,387.331753,94.751922,482.083675,83.897461
840000,0.761992,0.845000,387.798530,94.861430,482.659961,82.362305
841000,0.762109,0.861000,388.283531,95.016453,483.299984,79.991211
842000,0.761527,0.272000,388.763006,95.155489,483.918495,84.893555
843000,0.761757,0.955000,389.251472,95.270482,484.521953,83.866211
844000,0.761953,0.927000,389.734153,95.382169,485.116322,82.897461
845000,0.762086,0.875000,390.208268,95.448915,485.657182,83.467773
846000,0.762167,0.830000,390.660458,95.602867,486.263325,76.350586
847000,0.761458,0.162000,391.128598,95.731378,486.859976,84.893555
848000,0.761640,0.916000,391.607611,95.845226,487.452837,84.920898
849000,0.761816,0.911000,392.078925,95.958772,488.037697,82.920898
850000,0.761960,0.884000,392.574724,96.033993,488.608717,81.870117
851000,0.761770,0.600000,393.056264,96.145842,489.202106,72.350586
852000,0.761227,0.299000,393.515985,96.213717,489.729702,81.358398
853000,0.760838,0.430000,393.979803,96.356280,490.336083,85.346680
854000,0.761037,0.931000,394.458775,96.473415,490.932190,84.350586
855000,0.761257,0.949000,394.923967,96.580841,491.504807,83.350586
856000,0.761397,0.881000,395.396469,96.650611,492.047080,81.291992
857000,0.761147,0.547000,395.887634,96.717427,492.605060,77.370117
858000,0.760615,0.305000,396.343098,96.779921,493.123020,82.268555
859000,0.760400,0.576000,396.806338,96.929313,493.735651,82.358398
860000,0.760408,0.767000,397.266795,97.079709,494.346504,85.377930
861000,0.760642,0.962000,397.742518,97.193563,494.936081,84.862305
862000,0.760821,0.915000,398.219638,97.306849,495.526487,83.342773
863000,0.760956,0.877000,398.660831,97.379700,496.040531,81.291992
864000,0.760728,0.564000,399.106355,97.449734,496.556088,81.327148
865000,0.760554,0.610000,399.596274,97.596956,497.193230,85.346680
866000,0.760747,0.928000,400.106804,97.717033,497.823837,84.916992
867000,0.760926,0.916000,400.616398,97.831579,498.447977,84.834961
868000,0.761129,0.937000,401.104408,97.948797,499.053205,83.952148
869000,0.761250,0.866000,401.586452,98.061300,499.647752,82.381836
870000,0.761103,0.634000,402.063723,98.171984,500.235708,82.358398
871000,0.761195,0.841000,402.528142,98.325056,500.853198,80.377930
872000,0.760630,0.268000,402.998425,98.463785,501.462210,85.377930
873000,0.760849,0.952000,403.476926,98.576567,502.053493,84.350586
874000,0.760969,0.866000,403.959084,98.690211,502.649295,82.920898
875000,0.761065,0.845000,404.436993,98.758027,503.195019,82.920898
876000,0.761223,0.899000,404.906425,98.871018,503.777443,81.440430
877000,0.760901,0.479000,405.396584,98.939189,504.335773,82.866211
878000,0.760759,0.636000,405.905487,99.094459,504.999946,82.264648
879000,0.760718,0.725000,406.400385,99.248766,505.649151,77.428711
880000,0.759918,0.057000,406.902570,99.382836,506.285406,84.831055
881000,0.760107,0.926000,407.402278,99.498483,506.900761,84.319336
882000,0.760325,0.953000,407.868677,99.613114,507.481792,82.413086
883000,0.760429,0.852000,408.347835,99.680479,508.028314,83.413086
884000,0.760322,0.666000,408.834819,99.827237,508.662056,82.866211
885000,0.760313,0.752000,409.319057,99.976241,509.295297,82.354492
886000,0.760103,0.574000,409.803845,100.125558,509.929403,81.299805
887000,0.759805,0.496000,410.306813,100.266029,510.572843,50.034180
888000,0.759297,0.309000,410.746211,100.402521,511.148732,82.147461
889000,0.758818,0.333000,411.178683,100.472389,511.651071,85.889648
890000,0.758989,0.911000,411.603641,100.577633,512.181275,82.870117
891000,0.758987,0.757000,412.060314,100.730727,512.791041,84.893555
892000,0.759149,0.904000,412.525868,100.841678,513.367545,84.401367
893000,0.758793,0.441000,412.963229,100.906062,513.869291,81.424805
894000,0.758988,0.933000,413.399413,101.043283,514.442696,84.440430
895000,0.759240,0.985000,413.846147,101.149951,514.996098,83.956055
896000,0.759503,0.995000,414.253913,101.255981,515.509894,81.991211
897000,0.759757,0.987000,414.703915,101.362711,516.066625,82.045898
898000,0.759973,0.954000,415.137378,101.470424,516.607803,81.506836
899000,0.760239,0.999000,415.549516,101.569498,517.119015,84.467773
900000,0.760503,0.998000,415.980282,101.673472,517.653754,82.897461
901000,0.760695,0.933000,416.386741,101.742716,518.129457,81.452148
902000,0.760864,0.913000,416.779438,101.884626,518.664064,83.381836
903000,0.761087,0.963000,417.201024,101.982891,519.183915,40.725586
904000,0.760721,0.430000,417.601441,102.040798,519.642239,84.440430
905000,0.760944,0.962000,418.035960,102.147840,520.183801,82.530273
906000,0.761134,0.933000,418.441526,102.214636,520.656162,79.592773
907000,0.760708,0.375000,418.880211,102.345033,521.225244,84.436523
908000,0.760912,0.946000,419.360202,102.459673,521.819876,82.870117
909000,0.760959,0.804000,419.841070,102.573006,522.414076,76.541992
910000,0.760393,0.246000,420.247644,102.639140,522.886784,85.170898
911000,0.760502,0.859000,420.641317,102.706104,523.347422,80.874023
912000,0.759999,0.302000,421.144830,102.850924,523.995755,78.342773
913000,0.759250,0.076000,421.627886,102.990891,524.618777,84.495117
914000,0.758574,0.142000,422.075224,103.079249,525.154473,81.991211
915000,0.758798,0.963000,422.469776,103.155866,525.625643,83.463867
916000,0.758540,0.523000,422.910797,103.219829,526.130626,82.385742
917000,0.758612,0.824000,423.370963,103.371252,526.742215,84.893555
918000,0.758793,0.925000,423.839092,103.485472,527.324563,82.897461
919000,0.758982,0.932000,424.334498,103.597269,527.931768,82.385742
920000,0.759067,0.838000,424.829228,103.716150,528.545378,81.377930
921000,0.758561,0.293000,425.318968,103.824740,529.143709,82.323242
922000,0.758496,0.698000,425.802721,103.931143,529.733864,79.416992
923000,0.758102,0.395000,426.267807,103.997460,530.265267,82.870117
924000,0.758136,0.790000,426.743403,104.153921,530.897324,82.327148
925000,0.758226,0.841000,427.238897,104.305694,531.544591,82.327148
926000,0.758258,0.788000,427.638497,104.471234,532.109731,83.444336
927000,0.758508,0.990000,428.041612,104.564270,532.605883,85.006836
928000,0.758475,0.728000,428.468626,104.629806,533.098433,82.811523
929000,0.758171,0.476000,428.973689,104.781233,533.754923,82.866211
930000,0.758245,0.827000,429.432885,104.934923,534.367809,84.952148
931000,0.758496,0.992000,429.827267,105.030767,534.858033,85.436523
932000,0.758723,0.970000,430.244393,105.130396,535.374789,72.749023
933000,0.758407,0.464000,430.655115,105.203362,535.858477,84.319336
934000,0.758557,0.898000,431.133807,105.316512,536.450319,83.350586
935000,0.758615,0.813000,431.626343,105.425029,537.051372,82.436523
936000,0.758691,0.830000,432.121107,105.540139,537.661246,81.838867
937000,0.758333,0.423000,432.611187,105.653033,538.264220,82.416992
938000,0.757783,0.242000,433.136143,105.787696,538.923839,82.327148
939000,0.757807,0.781000,433.640042,105.943247,539.583289,82.295898
940000,0.757781,0.733000,434.146631,106.097970,540.244601,81.842773
941000,0.757382,0.382000,434.693636,106.250071,540.943707,80.440430
942000,0.756994,0.392000,435.221088,106.459024,541.680112,81.358398
943000,0.756667,0.449000,435.728294,106.605182,542.333476,85.377930
944000,0.756782,0.865000,436.246744,106.725827,542.972571,83.499023
945000,0.756086,0.099000,436.748031,106.819949,543.567980,81.807617
946000,0.756002,0.677000,437.257133,106.889532,544.146664,83.350586
947000,0.755943,0.700000,437.740197,107.056598,544.796795,82.983398
948000,0.755675,0.502000,438.305552,107.209856,545.515408,82.866211
949000,0.755678,0.758000,438.829812,107.373521,546.203333,82.331055
950000,0.755395,0.487000,439.338645,107.540135,546.878780,82.295898
951000,0.755230,0.599000,439.835299,107.695361,547.530660,82.385742
952000,0.755189,0.716000,440.328167,107.854884,548.183051,81.303711
953000,0.754654,0.245000,440.801229,108.003092,548.804322,85.401367
954000,0.754876,0.967000,441.305928,108.127985,549.433913,79.038086
955000,0.754312,0.216000,441.814133,108.264798,550.078931,80.846680
956000,0.753861,0.323000,442.345332,108.416003,550.761335,69.006836
957000,0.753083,0.009000,442.854062,108.520817,551.374879,84.893555
958000,0.753257,0.920000,443.358092,108.641816,551.999909,83.381836
959000,0.753367,0.859000,443.859939,108.715437,552.575376,82.413086
960000,0.753366,0.752000,444.368592,108.825445,553.194037,74.065430
961000,0.752605,0.022000,444.858259,108.922674,553.780933,82.897461
962000,0.752702,0.846000,445.362355,109.080840,554.443195,81.416992
963000,0.752453,0.513000,445.858501,109.232045,555.090546,47.463867
964000,0.751885,0.205000,446.331264,109.341000,555.672264,84.893555
965000,0.752080,0.940000,446.826910,109.457483,556.284393,83.866211
966000,0.752227,0.894000,447.330877,109.574922,556.905799,81.870117
967000,0.752095,0.625000,447.808190,109.690877,557.499067,82.389648
968000,0.752207,0.860000,448.303850,109.840513,558.144363,81.815430
969000,0.751920,0.474000,448.780119,109.989086,558.769205,85.377930
970000,0.752048,0.877000,449.275446,110.123059,559.398506,85.377930
971000,0.752242,0.940000,449.742595,110.236235,559.978830,84.436523
972000,0.752417,0.922000,450.256355,110.352185,560.608540,82.928711
973000,0.752470,0.804000,450.750515,110.469796,561.220311,69.901367
974000,0.751817,0.117000,451.209513,110.548269,561.757782,76.502930
975000,0.751148,0.099000,451.670254,110.683038,562.353292,84.893555
976000,0.751345,0.944000,452.158684,110.795746,562.954430,82.319336
977000,0.751284,0.691000,452.630734,110.903734,563.534467,80.444336
978000,0.750899,0.375000,453.080722,111.052721,564.133443,84.893555
979000,0.751078,0.926000,453.583247,111.161825,564.745071,83.319336
980000,0.751257,0.927000,454.058272,111.277748,565.336020,82.299805
981000,0.751402,0.893000,454.530726,111.428105,565.958831,85.405273
982000,0.751603,0.949000,455.030431,111.546797,566.577228,84.948242
983000,0.751797,0.942000,455.533968,111.660366,567.194335,82.897461
984000,0.751751,0.707000,456.047218,111.778701,567.825919,38.483398
985000,0.751639,0.641000,456.520059,111.813059,568.333119,80.502930
986000,0.751142,0.262000,456.990569,111.960543,568.951112,85.377930
987000,0.751321,0.928000,457.492693,112.074907,569.567600,84.893555
988000,0.751494,0.922000,457.966111,112.185998,570.152109,84.350586
989000,0.751676,0.932000,458.462787,112.300276,570.763063,82.952148
990000,0.751785,0.859000,458.971550,112.411566,571.383116,76.377930
991000,0.751365,0.336000,459.444142,112.477189,571.921330,82.385742
992000,0.751025,0.414000,459.933823,112.623976,572.557799,85.432617
993000,0.751195,0.920000,460.419774,112.738856,573.158630,84.893555
994000,0.751391,0.946000,460.909784,112.851370,573.761153,83.866211
995000,0.751580,0.939000,461.388212,112.967507,574.355718,82.870117
996000,0.751607,0.779000,461.853301,113.124853,574.978155,85.377930
997000,0.751824,0.968000,462.345922,113.237519,575.583441,83.381836
998000,0.751996,0.923000,462.848678,113.353261,576.201938,79.834961
999000,0.751690,0.446000,463.297139,113.415938,576.713078,81.272461